random_seed,milestone_percent,time_interval,cumulative_time,food_distribution,algorithm_mode,num_robots,total_food
738175,10.00,202.500000,202.500000,1,0,24,26
738175,20.00,220.500000,423.000000,1,0,24,52
738175,30.00,199.000000,622.000000,1,0,24,77
738175,35.94,98.000000,720.000000,1,0,24,92
694337,10.00,239.000000,239.000000,1,0,24,26
694337,20.00,244.000000,483.000000,1,0,24,52
694337,30.00,201.500000,684.500000,1,0,24,77
694337,30.86,35.500000,720.000000,1,0,24,79
618805,10.00,170.500000,170.500000,1,0,24,26
618805,20.00,218.375000,388.875000,1,0,24,52
618805,30.00,240.625000,629.500000,1,0,24,77
618805,32.42,90.500000,720.000000,1,0,24,83
512389,10.00,218.500000,218.500000,1,0,24,26
512389,20.00,246.000000,464.500000,1,0,24,52
512389,30.00,231.500000,696.000000,1,0,24,77
512389,31.25,24.000000,720.000000,1,0,24,80
461742,10.00,203.500000,203.500000,1,0,24,26
461742,20.00,249.000000,452.500000,1,0,24,52
461742,30.00,266.218750,718.718750,1,0,24,77
461742,30.08,1.281250,720.000000,1,0,24,77
334616,10.00,209.500000,209.500000,1,0,24,26
334616,20.00,231.500000,441.000000,1,0,24,52
334616,30.00,170.500000,611.500000,1,0,24,77
334616,36.33,108.500000,720.000000,1,0,24,93
375123,10.00,244.500000,244.500000,1,0,24,26
375123,20.00,201.500000,446.000000,1,0,24,52
375123,30.00,179.000000,625.000000,1,0,24,77
375123,35.55,95.000000,720.000000,1,0,24,91
275999,10.00,194.000000,194.000000,1,0,24,26
275999,20.00,229.500000,423.500000,1,0,24,52
275999,30.00,218.000000,641.500000,1,0,24,77
275999,33.59,78.500000,720.000000,1,0,24,86
213402,10.00,148.000000,148.000000,1,0,24,26
213402,20.00,179.000000,327.000000,1,0,24,52
213402,30.00,148.000000,475.000000,1,0,24,77
213402,40.00,239.000000,714.000000,1,0,24,103
213402,40.23,6.000000,720.000000,1,0,24,103
231815,10.00,210.000000,210.000000,1,0,24,26
231815,20.00,227.000000,437.000000,1,0,24,52
231815,30.00,225.000000,662.000000,1,0,24,77
231815,32.03,58.000000,720.000000,1,0,24,82
144221,10.00,135.468750,135.468750,1,0,24,26
144221,20.00,198.531250,334.000000,1,0,24,52
144221,30.00,173.500000,507.500000,1,0,24,77
144221,40.00,209.500000,717.000000,1,0,24,103
144221,40.23,3.000000,720.000000,1,0,24,103
74178,10.00,132.500000,132.500000,1,0,24,26
74178,20.00,182.000000,314.500000,1,0,24,52
74178,30.00,200.500000,515.000000,1,0,24,77
74178,40.00,205.000000,720.000000,1,0,24,103
74178,40.23,0.000000,720.000000,1,0,24,103
45281,10.00,195.500000,195.500000,1,0,24,26
45281,20.00,184.500000,380.000000,1,0,24,52
45281,30.00,234.000000,614.000000,1,0,24,77
45281,36.33,106.000000,720.000000,1,0,24,93
25998,10.00,197.000000,197.000000,1,0,24,26
25998,20.00,221.500000,418.500000,1,0,24,52
25998,30.00,203.500000,622.000000,1,0,24,77
25998,32.81,98.000000,720.000000,1,0,24,84
82169,10.00,282.500000,282.500000,1,0,24,26
82169,20.00,243.000000,525.500000,1,0,24,52
82169,27.34,194.500000,720.000000,1,0,24,70
74154,10.00,180.500000,180.500000,1,0,24,26
74154,20.00,187.500000,368.000000,1,0,24,52
74154,30.00,236.000000,604.000000,1,0,24,77
74154,34.77,116.000000,720.000000,1,0,24,89
53770,10.00,175.437500,175.437500,1,0,24,26
53770,20.00,192.062500,367.500000,1,0,24,52
53770,30.00,202.000000,569.500000,1,0,24,77
53770,37.11,150.500000,720.000000,1,0,24,95
109502,10.00,187.000000,187.000000,1,0,24,27
109502,20.00,212.500000,399.500000,1,0,24,52
109502,30.00,185.500000,585.000000,1,0,24,77
109502,36.72,135.000000,720.000000,1,0,24,94
95141,10.00,144.500000,144.500000,1,0,24,26
95141,20.00,166.500000,311.000000,1,0,24,52
95141,30.00,168.500000,479.500000,1,0,24,77
95141,39.84,240.500000,720.000000,1,0,24,102
77852,10.00,169.125000,169.125000,1,0,24,26
77852,20.00,225.375000,394.500000,1,0,24,52
77852,30.00,208.875000,603.375000,1,0,24,77
77852,35.55,116.625000,720.000000,1,0,24,91
52333,10.00,211.718750,211.718750,1,0,24,26
52333,20.00,267.281250,479.000000,1,0,24,52
52333,27.73,241.000000,720.000000,1,0,24,71
23283,10.00,158.500000,158.500000,1,0,24,26
23283,20.00,206.000000,364.500000,1,0,24,52
23283,30.00,177.000000,541.500000,1,0,24,77
23283,38.67,178.500000,720.000000,1,0,24,99
945328,10.00,200.000000,200.000000,1,0,24,26
945328,20.00,219.500000,419.500000,1,0,24,52
945328,30.00,213.000000,632.500000,1,0,24,77
945328,32.81,87.500000,720.000000,1,0,24,84
848284,10.00,262.000000,262.000000,1,0,24,26
848284,20.00,244.500000,506.500000,1,0,24,52
848284,28.52,213.500000,720.000000,1,0,24,73
890587,10.00,228.500000,228.500000,1,0,24,26
890587,20.00,226.500000,455.000000,1,0,24,52
890587,30.00,190.187500,645.187500,1,0,24,77
890587,33.20,74.812500,720.000000,1,0,24,85
825866,10.00,150.000000,150.000000,1,0,24,26
825866,20.00,197.000000,347.000000,1,0,24,53
825866,30.00,195.531250,542.531250,1,0,24,77
825866,38.67,177.468750,720.000000,1,0,24,99
778266,10.00,171.000000,171.000000,1,0,24,26
778266,20.00,198.500000,369.500000,1,0,24,52
778266,30.00,188.000000,557.500000,1,0,24,77
778266,36.72,162.500000,720.000000,1,0,24,94
782400,10.00,163.500000,163.500000,1,0,24,26
782400,20.00,249.000000,412.500000,1,0,24,52
782400,30.00,239.500000,652.000000,1,0,24,77
782400,32.81,68.000000,720.000000,1,0,24,84
639904,10.00,158.656250,158.656250,1,0,24,26
639904,20.00,144.343750,303.000000,1,0,24,52
639904,30.00,216.000000,519.000000,1,0,24,77
639904,40.00,195.000000,714.000000,1,0,24,103
639904,40.62,6.000000,720.000000,1,0,24,104
577535,10.00,127.437500,127.437500,1,0,24,26
577535,20.00,181.062500,308.500000,1,0,24,52
577535,30.00,211.000000,519.500000,1,0,24,77
577535,38.67,200.500000,720.000000,1,0,24,99
594996,10.00,159.000000,159.000000,1,0,24,26
594996,20.00,202.531250,361.531250,1,0,24,52
594996,30.00,203.250000,564.781250,1,0,24,77
594996,34.38,155.218750,720.000000,1,0,24,88
544725,10.00,188.437500,188.437500,1,0,24,26
544725,20.00,288.062500,476.500000,1,0,24,52
544725,30.00,232.500000,709.000000,1,0,24,77
544725,30.08,11.000000,720.000000,1,0,24,77
471351,10.00,282.000000,282.000000,1,0,24,27
471351,20.00,245.500000,527.500000,1,0,24,52
471351,28.52,192.500000,720.000000,1,0,24,73
458345,10.00,173.000000,173.000000,1,0,24,26
458345,20.00,199.000000,372.000000,1,0,24,52
458345,30.00,218.000000,590.000000,1,0,24,77
458345,37.89,130.000000,720.000000,1,0,24,97
378375,10.00,288.000000,288.000000,1,0,24,26
378375,20.00,205.500000,493.500000,1,0,24,52
378375,30.00,192.500000,686.000000,1,0,24,77
378375,31.25,34.000000,720.000000,1,0,24,80
287026,10.00,196.000000,196.000000,1,0,24,26
287026,20.00,198.500000,394.500000,1,0,24,52
287026,30.00,186.000000,580.500000,1,0,24,77
287026,34.77,139.500000,720.000000,1,0,24,89
234201,10.00,141.000000,141.000000,1,0,24,26
234201,20.00,150.125000,291.125000,1,0,24,52
234201,30.00,148.875000,440.000000,1,0,24,77
234201,40.00,240.000000,680.000000,1,0,24,103
234201,41.41,40.000000,720.000000,1,0,24,106
266656,10.00,178.500000,178.500000,1,0,24,26
266656,20.00,198.031250,376.531250,1,0,24,52
266656,30.00,231.531250,608.062500,1,0,24,77
266656,35.16,111.937500,720.000000,1,0,24,90
233857,10.00,164.500000,164.500000,1,0,24,26
233857,20.00,212.093750,376.593750,1,0,24,52
233857,30.00,177.906250,554.500000,1,0,24,77
233857,39.06,165.500000,720.000000,1,0,24,100
253761,10.00,163.500000,163.500000,1,0,24,26
253761,20.00,176.500000,340.000000,1,0,24,52
253761,30.00,191.500000,531.500000,1,0,24,77
253761,38.28,188.500000,720.000000,1,0,24,98
230137,10.00,236.500000,236.500000,1,0,24,26
230137,20.00,164.562500,401.062500,1,0,24,52
230137,30.00,181.937500,583.000000,1,0,24,77
230137,37.50,137.000000,720.000000,1,0,24,96
148467,10.00,166.000000,166.000000,1,0,24,26
148467,20.00,190.000000,356.000000,1,0,24,52
148467,30.00,180.000000,536.000000,1,0,24,77
148467,39.84,184.000000,720.000000,1,0,24,102
164714,10.00,164.500000,164.500000,1,0,24,26
164714,20.00,225.500000,390.000000,1,0,24,52
164714,30.00,172.500000,562.500000,1,0,24,77
164714,37.50,157.500000,720.000000,1,0,24,96
94222,10.00,229.500000,229.500000,1,0,24,26
94222,20.00,262.000000,491.500000,1,0,24,52
94222,30.00,187.125000,678.625000,1,0,24,77
94222,30.86,41.375000,720.000000,1,0,24,79
25914,10.00,167.000000,167.000000,1,0,24,26
25914,20.00,201.000000,368.000000,1,0,24,52
25914,30.00,176.000000,544.000000,1,0,24,77
25914,37.50,176.000000,720.000000,1,0,24,96
998026,10.00,169.625000,169.625000,1,0,24,26
998026,20.00,275.375000,445.000000,1,0,24,52
998026,30.00,216.000000,661.000000,1,0,24,77
998026,30.86,59.000000,720.000000,1,0,24,79
850832,10.00,173.500000,173.500000,1,0,24,26
850832,20.00,212.500000,386.000000,1,0,24,52
850832,30.00,218.000000,604.000000,1,0,24,77
850832,37.11,116.000000,720.000000,1,0,24,95
773516,10.00,175.000000,175.000000,1,0,24,26
773516,20.00,220.500000,395.500000,1,0,24,52
773516,30.00,230.000000,625.500000,1,0,24,77
773516,33.59,94.500000,720.000000,1,0,24,86
703657,10.00,225.500000,225.500000,1,0,24,26
703657,20.00,227.000000,452.500000,1,0,24,52
703657,30.00,200.500000,653.000000,1,0,24,77
703657,32.81,67.000000,720.000000,1,0,24,84
641777,10.00,183.000000,183.000000,1,0,24,26
641777,20.00,282.000000,465.000000,1,0,24,52
641777,30.00,235.000000,700.000000,1,0,24,77
641777,31.25,20.000000,720.000000,1,0,24,80
