random_seed,milestone_percent,time_interval,cumulative_time,food_distribution,algorithm_mode,num_robots,total_food
231274,10.00,84.500000,84.500000,2,0,24,26
231274,20.00,123.500000,208.000000,2,0,24,52
231274,30.00,128.500000,336.500000,2,0,24,77
231274,40.00,124.500000,461.000000,2,0,24,103
231274,50.00,164.250000,625.250000,2,0,24,128
231274,56.25,94.750000,720.000000,2,0,24,144
671677,10.00,87.000000,87.000000,2,0,24,26
671677,20.00,102.000000,189.000000,2,0,24,52
671677,30.00,111.218750,300.218750,2,0,24,77
671677,40.00,122.281250,422.500000,2,0,24,103
671677,50.00,144.500000,567.000000,2,0,24,128
671677,58.59,153.000000,720.000000,2,0,24,150
801554,10.00,87.000000,87.000000,2,0,24,26
801554,20.00,97.500000,184.500000,2,0,24,52
801554,30.00,91.000000,275.500000,2,0,24,77
801554,40.00,123.000000,398.500000,2,0,24,103
801554,50.00,111.000000,509.500000,2,0,24,128
801554,60.00,136.500000,646.000000,2,0,24,154
801554,64.06,74.000000,720.000000,2,0,24,164
917578,10.00,70.500000,70.500000,2,0,24,26
917578,20.00,91.000000,161.500000,2,0,24,52
917578,30.00,107.500000,269.000000,2,0,24,77
917578,40.00,109.500000,378.500000,2,0,24,103
917578,50.00,122.500000,501.000000,2,0,24,128
917578,60.00,151.000000,652.000000,2,0,24,154
917578,62.50,68.000000,720.000000,2,0,24,160
244033,10.00,66.500000,66.500000,2,0,24,26
244033,20.00,87.000000,153.500000,2,0,24,52
244033,30.00,88.500000,242.000000,2,0,24,77
244033,40.00,123.500000,365.500000,2,0,24,103
244033,50.00,120.312500,485.812500,2,0,24,128
244033,60.00,130.687500,616.500000,2,0,24,154
244033,67.58,103.500000,720.000000,2,0,24,173
336562,10.00,61.000000,61.000000,2,0,24,26
336562,20.00,88.000000,149.000000,2,0,24,52
336562,30.00,114.500000,263.500000,2,0,24,77
336562,40.00,93.000000,356.500000,2,0,24,103
336562,50.00,122.000000,478.500000,2,0,24,128
336562,60.00,166.156250,644.656250,2,0,24,154
336562,65.23,75.343750,720.000000,2,0,24,167
869958,10.00,64.000000,64.000000,2,0,24,26
869958,20.00,78.750000,142.750000,2,0,24,52
869958,30.00,90.843750,233.593750,2,0,24,77
869958,40.00,116.406250,350.000000,2,0,24,103
869958,50.00,109.531250,459.531250,2,0,24,128
869958,60.00,136.468750,596.000000,2,0,24,154
869958,67.58,124.000000,720.000000,2,0,24,173
327873,10.00,63.500000,63.500000,2,0,24,26
327873,20.00,101.500000,165.000000,2,0,24,52
327873,30.00,121.000000,286.000000,2,0,24,77
327873,40.00,94.000000,380.000000,2,0,24,103
327873,50.00,139.000000,519.000000,2,0,24,128
327873,60.00,172.500000,691.500000,2,0,24,154
327873,61.33,28.500000,720.000000,2,0,24,157
795385,10.00,54.000000,54.000000,2,0,24,26
795385,20.00,96.000000,150.000000,2,0,24,52
795385,30.00,90.500000,240.500000,2,0,24,77
795385,40.00,104.000000,344.500000,2,0,24,103
795385,50.00,124.468750,468.968750,2,0,24,128
795385,60.00,180.531250,649.500000,2,0,24,154
795385,64.45,70.500000,720.000000,2,0,24,165
238520,10.00,60.500000,60.500000,2,0,24,26
238520,20.00,93.000000,153.500000,2,0,24,52
238520,30.00,94.500000,248.000000,2,0,24,77
238520,40.00,122.500000,370.500000,2,0,24,103
238520,50.00,112.000000,482.500000,2,0,24,128
238520,60.00,167.000000,649.500000,2,0,24,154
238520,63.28,70.500000,720.000000,2,0,24,162
57345,10.00,61.500000,61.500000,2,0,24,26
57345,20.00,95.500000,157.000000,2,0,24,52
57345,30.00,118.187500,275.187500,2,0,24,77
57345,40.00,112.312500,387.500000,2,0,24,103
57345,50.00,128.500000,516.000000,2,0,24,128
57345,60.00,148.000000,664.000000,2,0,24,154
57345,66.41,56.000000,720.000000,2,0,24,170
943863,10.00,57.500000,57.500000,2,0,24,26
943863,20.00,80.500000,138.000000,2,0,24,52
943863,30.00,99.500000,237.500000,2,0,24,77
943863,40.00,101.500000,339.000000,2,0,24,103
943863,50.00,163.000000,502.000000,2,0,24,128
943863,60.00,165.000000,667.000000,2,0,24,154
943863,62.50,53.000000,720.000000,2,0,24,160
933007,10.00,67.000000,67.000000,2,0,24,26
933007,20.00,102.125000,169.125000,2,0,24,52
933007,30.00,96.375000,265.500000,2,0,24,78
933007,40.00,105.500000,371.000000,2,0,24,103
933007,50.00,136.500000,507.500000,2,0,24,128
933007,60.00,163.000000,670.500000,2,0,24,154
933007,62.89,49.500000,720.000000,2,0,24,161
946658,10.00,56.000000,56.000000,2,0,24,26
946658,20.00,93.593750,149.593750,2,0,24,52
946658,30.00,104.406250,254.000000,2,0,24,77
946658,40.00,132.000000,386.000000,2,0,24,103
946658,50.00,122.500000,508.500000,2,0,24,128
946658,59.38,211.500000,720.000000,2,0,24,152
321922,10.00,89.500000,89.500000,2,0,24,26
321922,20.00,101.000000,190.500000,2,0,24,52
321922,30.00,101.500000,292.000000,2,0,24,78
321922,40.00,110.250000,402.250000,2,0,24,103
321922,50.00,154.750000,557.000000,2,0,24,128
321922,58.98,163.000000,720.000000,2,0,24,151
847188,10.00,72.500000,72.500000,2,0,24,26
847188,20.00,81.000000,153.500000,2,0,24,52
847188,30.00,113.000000,266.500000,2,0,24,77
847188,40.00,109.500000,376.000000,2,0,24,103
847188,50.00,133.500000,509.500000,2,0,24,128
847188,60.00,164.000000,673.500000,2,0,24,154
847188,62.89,46.500000,720.000000,2,0,24,161
492275,10.00,77.000000,77.000000,2,0,24,26
492275,20.00,91.000000,168.000000,2,0,24,52
492275,30.00,120.000000,288.000000,2,0,24,77
492275,40.00,130.500000,418.500000,2,0,24,103
492275,50.00,161.250000,579.750000,2,0,24,128
492275,60.00,139.750000,719.500000,2,0,24,154
492275,60.16,0.500000,720.000000,2,0,24,154
569083,10.00,58.500000,58.500000,2,0,24,26
569083,20.00,86.500000,145.000000,2,0,24,52
569083,30.00,98.000000,243.000000,2,0,24,78
569083,40.00,106.000000,349.000000,2,0,24,103
569083,50.00,148.500000,497.500000,2,0,24,128
569083,60.00,171.000000,668.500000,2,0,24,154
569083,62.89,51.500000,720.000000,2,0,24,161
777948,10.00,53.500000,53.500000,2,0,24,26
777948,20.00,94.375000,147.875000,2,0,24,52
777948,30.00,85.125000,233.000000,2,0,24,77
777948,40.00,97.500000,330.500000,2,0,24,103
777948,50.00,110.500000,441.000000,2,0,24,128
777948,60.00,136.500000,577.500000,2,0,24,154
777948,70.00,125.500000,703.000000,2,0,24,180
777948,70.70,17.000000,720.000000,2,0,24,181
129765,10.00,67.500000,67.500000,2,0,24,26
129765,20.00,102.000000,169.500000,2,0,24,52
129765,30.00,101.500000,271.000000,2,0,24,77
129765,40.00,108.000000,379.000000,2,0,24,103
129765,50.00,131.500000,510.500000,2,0,24,128
129765,60.00,143.500000,654.000000,2,0,24,154
129765,62.50,66.000000,720.000000,2,0,24,160
908641,10.00,54.500000,54.500000,2,0,24,26
908641,20.00,96.000000,150.500000,2,0,24,52
908641,30.00,124.000000,274.500000,2,0,24,77
908641,40.00,115.000000,389.500000,2,0,24,103
908641,50.00,127.500000,517.000000,2,0,24,128
908641,60.00,166.937500,683.937500,2,0,24,154
908641,62.89,36.062500,720.000000,2,0,24,161
752721,10.00,53.875000,53.875000,2,0,24,26
752721,20.00,95.125000,149.000000,2,0,24,52
752721,30.00,96.500000,245.500000,2,0,24,77
752721,40.00,125.031250,370.531250,2,0,24,103
752721,50.00,160.968750,531.500000,2,0,24,128
752721,60.00,143.437500,674.937500,2,0,24,154
752721,63.28,45.062500,720.000000,2,0,24,162
277005,10.00,74.000000,74.000000,2,0,24,26
277005,20.00,110.500000,184.500000,2,0,24,52
277005,30.00,110.000000,294.500000,2,0,24,77
277005,40.00,126.000000,420.500000,2,0,24,103
277005,50.00,152.000000,572.500000,2,0,24,128
277005,58.59,147.500000,720.000000,2,0,24,150
395672,10.00,77.500000,77.500000,2,0,24,26
395672,20.00,113.000000,190.500000,2,0,24,52
395672,30.00,107.500000,298.000000,2,0,24,77
395672,40.00,149.500000,447.500000,2,0,24,103
395672,50.00,160.000000,607.500000,2,0,24,128
395672,56.25,112.500000,720.000000,2,0,24,144
179223,10.00,52.000000,52.000000,2,0,24,26
179223,20.00,107.000000,159.000000,2,0,24,52
179223,30.00,100.343750,259.343750,2,0,24,77
179223,40.00,134.156250,393.500000,2,0,24,103
179223,50.00,161.000000,554.500000,2,0,24,128
179223,58.59,165.500000,720.000000,2,0,24,150
155593,10.00,62.500000,62.500000,2,0,24,26
155593,20.00,107.500000,170.000000,2,0,24,52
155593,30.00,118.843750,288.843750,2,0,24,77
155593,40.00,102.656250,391.500000,2,0,24,103
155593,50.00,140.500000,532.000000,2,0,24,128
155593,60.00,144.500000,676.500000,2,0,24,154
155593,62.50,43.500000,720.000000,2,0,24,160
70231,10.00,57.500000,57.500000,2,0,24,27
70231,20.00,97.500000,155.000000,2,0,24,52
70231,30.00,93.500000,248.500000,2,0,24,77
70231,40.00,117.500000,366.000000,2,0,24,103
70231,50.00,144.500000,510.500000,2,0,24,128
70231,60.00,175.343750,685.843750,2,0,24,154
70231,62.50,34.156250,720.000000,2,0,24,160
947717,10.00,72.500000,72.500000,2,0,24,26
947717,20.00,109.500000,182.000000,2,0,24,52
947717,30.00,79.500000,261.500000,2,0,24,77
947717,40.00,152.500000,414.000000,2,0,24,103
947717,50.00,129.000000,543.000000,2,0,24,128
947717,60.00,160.406250,703.406250,2,0,24,154
947717,60.16,16.593750,720.000000,2,0,24,154
448407,10.00,68.000000,68.000000,2,0,24,26
448407,20.00,118.000000,186.000000,2,0,24,52
448407,30.00,88.218750,274.218750,2,0,24,77
448407,40.00,127.281250,401.500000,2,0,24,103
448407,50.00,104.000000,505.500000,2,0,24,128
448407,60.00,188.500000,694.000000,2,0,24,154
448407,60.94,26.000000,720.000000,2,0,24,156
975569,10.00,79.000000,79.000000,2,0,24,26
975569,20.00,93.500000,172.500000,2,0,24,52
975569,30.00,112.000000,284.500000,2,0,24,77
975569,40.00,110.500000,395.000000,2,0,24,103
975569,50.00,120.000000,515.000000,2,0,24,128
975569,60.00,202.500000,717.500000,2,0,24,154
975569,60.16,2.500000,720.000000,2,0,24,154
685019,10.00,75.000000,75.000000,2,0,24,26
685019,20.00,80.500000,155.500000,2,0,24,52
685019,30.00,103.500000,259.000000,2,0,24,77
685019,40.00,122.312500,381.312500,2,0,24,103
685019,50.00,151.687500,533.000000,2,0,24,128
685019,60.00,155.500000,688.500000,2,0,24,154
685019,60.94,31.500000,720.000000,2,0,24,156
846703,10.00,75.500000,75.500000,2,0,24,26
846703,20.00,107.500000,183.000000,2,0,24,52
846703,30.00,116.562500,299.562500,2,0,24,77
846703,40.00,127.437500,427.000000,2,0,24,103
846703,50.00,151.500000,578.500000,2,0,24,128
846703,57.03,141.500000,720.000000,2,0,24,146
142288,10.00,73.000000,73.000000,2,0,24,26
142288,20.00,92.000000,165.000000,2,0,24,52
142288,30.00,109.218750,274.218750,2,0,24,77
142288,40.00,97.281250,371.500000,2,0,24,103
142288,50.00,138.500000,510.000000,2,0,24,128
142288,60.00,142.500000,652.500000,2,0,24,154
142288,64.06,67.500000,720.000000,2,0,24,164
811410,10.00,62.000000,62.000000,2,0,24,26
811410,20.00,88.500000,150.500000,2,0,24,52
811410,30.00,129.000000,279.500000,2,0,24,77
811410,40.00,106.781250,386.281250,2,0,24,103
811410,50.00,119.218750,505.500000,2,0,24,128
811410,60.00,190.531250,696.031250,2,0,24,154
811410,60.55,23.968750,720.000000,2,0,24,155
368230,10.00,70.000000,70.000000,2,0,24,26
368230,20.00,93.500000,163.500000,2,0,24,52
368230,30.00,97.000000,260.500000,2,0,24,77
368230,40.00,121.000000,381.500000,2,0,24,103
368230,50.00,147.500000,529.000000,2,0,24,128
368230,59.77,191.000000,720.000000,2,0,24,153
231852,10.00,81.000000,81.000000,2,0,24,26
231852,20.00,86.500000,167.500000,2,0,24,52
231852,30.00,111.000000,278.500000,2,0,24,77
231852,40.00,114.000000,392.500000,2,0,24,103
231852,50.00,152.000000,544.500000,2,0,24,128
231852,60.00,145.500000,690.000000,2,0,24,154
231852,60.94,30.000000,720.000000,2,0,24,156
930647,10.00,68.500000,68.500000,2,0,24,26
930647,20.00,101.000000,169.500000,2,0,24,52
930647,30.00,112.000000,281.500000,2,0,24,77
930647,40.00,119.000000,400.500000,2,0,24,103
930647,50.00,144.000000,544.500000,2,0,24,128
930647,59.38,175.500000,720.000000,2,0,24,152
23160,10.00,66.000000,66.000000,2,0,24,26
23160,20.00,92.187500,158.187500,2,0,24,52
23160,30.00,88.812500,247.000000,2,0,24,77
23160,40.00,131.500000,378.500000,2,0,24,103
23160,50.00,102.000000,480.500000,2,0,24,128
23160,60.00,159.500000,640.000000,2,0,24,154
23160,64.06,80.000000,720.000000,2,0,24,164
228611,10.00,67.000000,67.000000,2,0,24,26
228611,20.00,97.500000,164.500000,2,0,24,52
228611,30.00,115.500000,280.000000,2,0,24,77
228611,40.00,88.500000,368.500000,2,0,24,103
228611,50.00,164.000000,532.500000,2,0,24,128
228611,60.00,157.156250,689.656250,2,0,24,154
228611,63.67,30.343750,720.000000,2,0,24,163
586964,10.00,56.968750,56.968750,2,0,24,26
586964,20.00,104.750000,161.718750,2,0,24,52
586964,30.00,95.781250,257.500000,2,0,24,77
586964,40.00,137.000000,394.500000,2,0,24,103
586964,50.00,120.000000,514.500000,2,0,24,128
586964,60.00,144.000000,658.500000,2,0,24,154
586964,63.67,61.500000,720.000000,2,0,24,163
955666,10.00,65.500000,65.500000,2,0,24,26
955666,20.00,83.000000,148.500000,2,0,24,52
955666,30.00,101.000000,249.500000,2,0,24,78
955666,40.00,104.500000,354.000000,2,0,24,103
955666,50.00,135.500000,489.500000,2,0,24,128
955666,60.00,132.000000,621.500000,2,0,24,154
955666,64.06,98.500000,720.000000,2,0,24,164
739315,10.00,66.000000,66.000000,2,0,24,26
739315,20.00,103.781250,169.781250,2,0,24,52
739315,30.00,112.218750,282.000000,2,0,24,77
739315,40.00,126.000000,408.000000,2,0,24,103
739315,50.00,143.500000,551.500000,2,0,24,128
739315,60.00,151.000000,702.500000,2,0,24,154
739315,60.16,17.500000,720.000000,2,0,24,154
451625,10.00,75.500000,75.500000,2,0,24,26
451625,20.00,106.000000,181.500000,2,0,24,52
451625,30.00,101.500000,283.000000,2,0,24,77
451625,40.00,137.500000,420.500000,2,0,24,103
451625,50.00,154.000000,574.500000,2,0,24,128
451625,55.86,145.500000,720.000000,2,0,24,143
189937,10.00,62.500000,62.500000,2,0,24,26
189937,20.00,98.500000,161.000000,2,0,24,52
189937,30.00,89.000000,250.000000,2,0,24,77
189937,40.00,139.500000,389.500000,2,0,24,103
189937,50.00,121.500000,511.000000,2,0,24,128
189937,60.00,126.500000,637.500000,2,0,24,154
189937,66.02,82.500000,720.000000,2,0,24,169
416545,10.00,44.000000,44.000000,2,0,24,27
416545,20.00,99.500000,143.500000,2,0,24,52
416545,30.00,97.500000,241.000000,2,0,24,77
416545,40.00,104.000000,345.000000,2,0,24,103
416545,50.00,93.000000,438.000000,2,0,24,128
416545,60.00,153.000000,591.000000,2,0,24,154
416545,67.58,129.000000,720.000000,2,0,24,173
668306,10.00,43.500000,43.500000,2,0,24,26
668306,20.00,93.000000,136.500000,2,0,24,52
668306,30.00,89.500000,226.000000,2,0,24,77
668306,40.00,114.000000,340.000000,2,0,24,103
668306,50.00,122.500000,462.500000,2,0,24,128
668306,60.00,135.000000,597.500000,2,0,24,154
668306,66.80,122.500000,720.000000,2,0,24,171
872996,10.00,65.000000,65.000000,2,0,24,26
872996,20.00,91.000000,156.000000,2,0,24,52
872996,30.00,92.000000,248.000000,2,0,24,77
872996,40.00,115.906250,363.906250,2,0,24,103
872996,50.00,121.093750,485.000000,2,0,24,128
872996,60.00,129.000000,614.000000,2,0,24,154
872996,67.58,106.000000,720.000000,2,0,24,173
459091,10.00,65.000000,65.000000,2,0,24,26
459091,20.00,110.000000,175.000000,2,0,24,52
459091,30.00,95.000000,270.000000,2,0,24,77
459091,40.00,141.500000,411.500000,2,0,24,103
459091,50.00,120.500000,532.000000,2,0,24,128
459091,58.98,188.000000,720.000000,2,0,24,151
296638,10.00,70.000000,70.000000,2,0,24,26
296638,20.00,92.000000,162.000000,2,0,24,52
296638,30.00,114.500000,276.500000,2,0,24,77
296638,40.00,134.000000,410.500000,2,0,24,103
296638,50.00,135.156250,545.656250,2,0,24,128
296638,59.38,174.343750,720.000000,2,0,24,152
120225,10.00,57.500000,57.500000,2,0,24,26
120225,20.00,86.000000,143.500000,2,0,24,52
120225,30.00,98.500000,242.000000,2,0,24,77
120225,40.00,128.000000,370.000000,2,0,24,103
120225,50.00,138.500000,508.500000,2,0,24,128
120225,58.98,211.500000,720.000000,2,0,24,151
