random_seed,milestone_percent,time_interval,cumulative_time,food_distribution,algorithm_mode,num_robots,total_food
630531,10.00,57.500000,57.500000,0,0,24,26
630531,20.00,90.500000,148.000000,0,0,24,52
630531,30.00,104.000000,252.000000,0,0,24,77
630531,40.00,85.843750,337.843750,0,0,24,103
630531,50.00,117.656250,455.500000,0,0,24,128
630531,60.00,116.500000,572.000000,0,0,24,155
630531,70.00,100.500000,672.500000,0,0,24,180
630531,73.05,47.500000,720.000000,0,0,24,187
769540,10.00,50.500000,50.500000,0,0,24,26
769540,20.00,84.000000,134.500000,0,0,24,54
769540,30.00,91.500000,226.000000,0,0,24,77
769540,40.00,102.500000,328.500000,0,0,24,103
769540,50.00,105.500000,434.000000,0,0,24,128
769540,60.00,102.000000,536.000000,0,0,24,154
769540,70.00,122.000000,658.000000,0,0,24,180
769540,73.05,62.000000,720.000000,0,0,24,187
813804,10.00,54.500000,54.500000,0,0,24,26
813804,20.00,97.000000,151.500000,0,0,24,52
813804,30.00,103.500000,255.000000,0,0,24,77
813804,40.00,94.000000,349.000000,0,0,24,103
813804,50.00,126.000000,475.000000,0,0,24,128
813804,60.00,106.500000,581.500000,0,0,24,154
813804,70.00,115.000000,696.500000,0,0,24,180
813804,72.27,23.500000,720.000000,0,0,24,185
879334,10.00,41.000000,41.000000,0,0,24,26
879334,20.00,87.500000,128.500000,0,0,24,52
879334,30.00,95.000000,223.500000,0,0,24,77
879334,40.00,91.000000,314.500000,0,0,24,103
879334,50.00,104.500000,419.000000,0,0,24,128
879334,60.00,109.500000,528.500000,0,0,24,154
879334,70.00,122.500000,651.000000,0,0,24,180
879334,75.00,69.000000,720.000000,0,0,24,192
905997,10.00,43.500000,43.500000,0,0,24,26
905997,20.00,76.500000,120.000000,0,0,24,52
905997,30.00,93.500000,213.500000,0,0,24,77
905997,40.00,96.000000,309.500000,0,0,24,103
905997,50.00,90.000000,399.500000,0,0,24,128
905997,60.00,98.500000,498.000000,0,0,24,154
905997,70.00,115.500000,613.500000,0,0,24,180
905997,77.73,106.500000,720.000000,0,0,24,199
936408,10.00,52.500000,52.500000,0,0,24,26
936408,20.00,80.000000,132.500000,0,0,24,52
936408,30.00,100.500000,233.000000,0,0,24,77
936408,40.00,97.500000,330.500000,0,0,24,103
936408,50.00,105.000000,435.500000,0,0,24,128
936408,60.00,118.000000,553.500000,0,0,24,154
936408,70.00,149.000000,702.500000,0,0,24,180
936408,73.05,17.500000,720.000000,0,0,24,187
918528,10.00,34.000000,34.000000,0,0,24,26
918528,20.00,110.500000,144.500000,0,0,24,52
918528,30.00,126.000000,270.500000,0,0,24,77
918528,40.00,85.500000,356.000000,0,0,24,103
918528,50.00,118.500000,474.500000,0,0,24,128
918528,60.00,104.781250,579.281250,0,0,24,154
918528,70.00,126.718750,706.000000,0,0,24,180
918528,71.48,14.000000,720.000000,0,0,24,183
100550,10.00,45.000000,45.000000,0,0,24,26
100550,20.00,112.000000,157.000000,0,0,24,52
100550,30.00,88.000000,245.000000,0,0,24,77
100550,40.00,94.000000,339.000000,0,0,24,103
100550,50.00,103.000000,442.000000,0,0,24,128
100550,60.00,133.000000,575.000000,0,0,24,154
100550,70.00,123.500000,698.500000,0,0,24,180
100550,72.66,21.500000,720.000000,0,0,24,186
200677,10.00,48.000000,48.000000,0,0,24,26
200677,20.00,89.500000,137.500000,0,0,24,52
200677,30.00,74.000000,211.500000,0,0,24,77
200677,40.00,89.500000,301.000000,0,0,24,103
200677,50.00,96.500000,397.500000,0,0,24,128
200677,60.00,106.000000,503.500000,0,0,24,154
200677,70.00,125.000000,628.500000,0,0,24,180
200677,76.95,91.500000,720.000000,0,0,24,197
268173,10.00,50.000000,50.000000,0,0,24,26
268173,20.00,94.000000,144.000000,0,0,24,52
268173,30.00,72.000000,216.000000,0,0,24,77
268173,40.00,109.000000,325.000000,0,0,24,103
268173,50.00,103.500000,428.500000,0,0,24,128
268173,60.00,120.500000,549.000000,0,0,24,154
268173,70.00,157.500000,706.500000,0,0,24,180
268173,71.48,13.500000,720.000000,0,0,24,183
313976,10.00,41.000000,41.000000,0,0,24,27
313976,20.00,73.500000,114.500000,0,0,24,52
313976,30.00,87.500000,202.000000,0,0,24,77
313976,40.00,112.500000,314.500000,0,0,24,103
313976,50.00,102.000000,416.500000,0,0,24,128
313976,60.00,114.500000,531.000000,0,0,24,154
313976,70.00,126.500000,657.500000,0,0,24,180
313976,75.78,62.500000,720.000000,0,0,24,194
360861,10.00,49.500000,49.500000,0,0,24,26
360861,20.00,96.500000,146.000000,0,0,24,52
360861,30.00,95.500000,241.500000,0,0,24,77
360861,40.00,104.500000,346.000000,0,0,24,103
360861,50.00,101.000000,447.000000,0,0,24,128
360861,60.00,114.500000,561.500000,0,0,24,154
360861,70.00,104.000000,665.500000,0,0,24,180
360861,74.22,54.500000,720.000000,0,0,24,190
452401,10.00,59.000000,59.000000,0,0,24,27
452401,20.00,87.500000,146.500000,0,0,24,52
452401,30.00,93.000000,239.500000,0,0,24,79
452401,40.00,88.500000,328.000000,0,0,24,103
452401,50.00,101.500000,429.500000,0,0,24,128
452401,60.00,117.500000,547.000000,0,0,24,154
452401,70.00,102.500000,649.500000,0,0,24,180
452401,75.78,70.500000,720.000000,0,0,24,194
507424,10.00,55.500000,55.500000,0,0,24,26
507424,20.00,74.000000,129.500000,0,0,24,52
507424,30.00,90.500000,220.000000,0,0,24,78
507424,40.00,100.500000,320.500000,0,0,24,103
507424,50.00,96.500000,417.000000,0,0,24,128
507424,60.00,114.500000,531.500000,0,0,24,154
507424,70.00,117.500000,649.000000,0,0,24,180
507424,75.00,71.000000,720.000000,0,0,24,192
599955,10.00,40.500000,40.500000,0,0,24,26
599955,20.00,72.500000,113.000000,0,0,24,52
599955,30.00,79.000000,192.000000,0,0,24,77
599955,40.00,104.500000,296.500000,0,0,24,104
599955,50.00,95.500000,392.000000,0,0,24,128
599955,60.00,164.500000,556.500000,0,0,24,154
599955,70.00,118.000000,674.500000,0,0,24,180
599955,73.05,45.500000,720.000000,0,0,24,187
678502,10.00,33.000000,33.000000,0,0,24,26
678502,20.00,96.500000,129.500000,0,0,24,52
678502,30.00,95.000000,224.500000,0,0,24,77
678502,40.00,95.000000,319.500000,0,0,24,103
678502,50.00,97.000000,416.500000,0,0,24,128
678502,60.00,124.000000,540.500000,0,0,24,154
678502,70.00,115.500000,656.000000,0,0,24,180
678502,74.22,64.000000,720.000000,0,0,24,190
682389,10.00,37.000000,37.000000,0,0,24,26
682389,20.00,90.500000,127.500000,0,0,24,52
682389,30.00,71.500000,199.000000,0,0,24,77
682389,40.00,89.500000,288.500000,0,0,24,103
682389,50.00,94.500000,383.000000,0,0,24,128
682389,60.00,126.500000,509.500000,0,0,24,154
682389,70.00,149.000000,658.500000,0,0,24,181
682389,74.61,61.500000,720.000000,0,0,24,191
780382,10.00,59.500000,59.500000,0,0,24,26
780382,20.00,64.500000,124.000000,0,0,24,52
780382,30.00,100.500000,224.500000,0,0,24,77
780382,40.00,108.000000,332.500000,0,0,24,103
780382,50.00,88.000000,420.500000,0,0,24,128
780382,60.00,111.500000,532.000000,0,0,24,154
780382,70.00,132.000000,664.000000,0,0,24,180
780382,74.22,56.000000,720.000000,0,0,24,190
763831,10.00,48.000000,48.000000,0,0,24,26
763831,20.00,100.000000,148.000000,0,0,24,53
763831,30.00,75.000000,223.000000,0,0,24,77
763831,40.00,127.000000,350.000000,0,0,24,103
763831,50.00,104.000000,454.000000,0,0,24,128
763831,60.00,107.500000,561.500000,0,0,24,154
763831,70.00,128.000000,689.500000,0,0,24,180
763831,71.88,30.500000,720.000000,0,0,24,184
806281,10.00,45.000000,45.000000,0,0,24,26
806281,20.00,112.000000,157.000000,0,0,24,52
806281,30.00,82.500000,239.500000,0,0,24,78
806281,40.00,133.500000,373.000000,0,0,24,103
806281,50.00,114.000000,487.000000,0,0,24,128
806281,60.00,107.500000,594.500000,0,0,24,154
806281,70.00,120.500000,715.000000,0,0,24,180
806281,70.31,5.000000,720.000000,0,0,24,180
900543,10.00,45.000000,45.000000,0,0,24,26
900543,20.00,89.500000,134.500000,0,0,24,52
900543,30.00,90.500000,225.000000,0,0,24,77
900543,40.00,125.500000,350.500000,0,0,24,103
900543,50.00,88.000000,438.500000,0,0,24,128
900543,60.00,124.500000,563.000000,0,0,24,154
900543,70.00,113.500000,676.500000,0,0,24,180
900543,73.44,43.500000,720.000000,0,0,24,188
13002,10.00,33.000000,33.000000,0,0,24,26
13002,20.00,104.000000,137.000000,0,0,24,52
13002,30.00,109.000000,246.000000,0,0,24,77
13002,40.00,96.000000,342.000000,0,0,24,103
13002,50.00,122.000000,464.000000,0,0,24,128
13002,60.00,96.500000,560.500000,0,0,24,154
13002,70.00,117.500000,678.000000,0,0,24,180
13002,73.44,42.000000,720.000000,0,0,24,188
128447,10.00,54.500000,54.500000,0,0,24,26
128447,20.00,82.000000,136.500000,0,0,24,52
128447,30.00,85.000000,221.500000,0,0,24,77
128447,40.00,97.718750,319.218750,0,0,24,103
128447,50.00,106.281250,425.500000,0,0,24,128
128447,60.00,114.000000,539.500000,0,0,24,154
128447,70.00,109.500000,649.000000,0,0,24,180
128447,74.22,71.000000,720.000000,0,0,24,190
170757,10.00,60.000000,60.000000,0,0,24,26
170757,20.00,74.000000,134.000000,0,0,24,52
170757,30.00,95.000000,229.000000,0,0,24,77
170757,40.00,80.500000,309.500000,0,0,24,103
170757,50.00,95.000000,404.500000,0,0,24,128
170757,60.00,112.500000,517.000000,0,0,24,154
170757,70.00,101.500000,618.500000,0,0,24,180
170757,76.95,101.500000,720.000000,0,0,24,197
228233,10.00,33.000000,33.000000,0,0,24,26
228233,20.00,99.500000,132.500000,0,0,24,52
228233,30.00,102.000000,234.500000,0,0,24,77
228233,40.00,94.500000,329.000000,0,0,24,103
228233,50.00,101.500000,430.500000,0,0,24,129
228233,60.00,98.500000,529.000000,0,0,24,154
228233,70.00,139.000000,668.000000,0,0,24,181
228233,74.22,52.000000,720.000000,0,0,24,190
254882,10.00,53.500000,53.500000,0,0,24,26
254882,20.00,106.000000,159.500000,0,0,24,52
254882,30.00,83.000000,242.500000,0,0,24,77
254882,40.00,78.500000,321.000000,0,0,24,103
254882,50.00,104.500000,425.500000,0,0,24,129
254882,60.00,127.000000,552.500000,0,0,24,154
254882,70.00,110.000000,662.500000,0,0,24,180
254882,74.22,57.500000,720.000000,0,0,24,190
282439,10.00,43.500000,43.500000,0,0,24,26
282439,20.00,91.500000,135.000000,0,0,24,52
282439,30.00,98.000000,233.000000,0,0,24,77
282439,40.00,102.500000,335.500000,0,0,24,103
282439,50.00,110.000000,445.500000,0,0,24,128
282439,60.00,110.000000,555.500000,0,0,24,154
282439,70.00,146.000000,701.500000,0,0,24,180
282439,72.66,18.500000,720.000000,0,0,24,186
375978,10.00,59.000000,59.000000,0,0,24,26
375978,20.00,70.500000,129.500000,0,0,24,52
375978,30.00,76.000000,205.500000,0,0,24,77
375978,40.00,100.000000,305.500000,0,0,24,103
375978,50.00,111.500000,417.000000,0,0,24,128
375978,60.00,121.000000,538.000000,0,0,24,154
375978,70.00,114.500000,652.500000,0,0,24,180
375978,75.00,67.500000,720.000000,0,0,24,192
433792,10.00,44.000000,44.000000,0,0,24,26
433792,20.00,109.000000,153.000000,0,0,24,52
433792,30.00,94.500000,247.500000,0,0,24,77
433792,40.00,89.000000,336.500000,0,0,24,103
433792,50.00,103.000000,439.500000,0,0,24,128
433792,60.00,101.500000,541.000000,0,0,24,154
433792,70.00,115.500000,656.500000,0,0,24,181
433792,73.44,63.500000,720.000000,0,0,24,188
518812,10.00,46.500000,46.500000,0,0,24,26
518812,20.00,92.000000,138.500000,0,0,24,52
518812,30.00,91.500000,230.000000,0,0,24,77
518812,40.00,79.000000,309.000000,0,0,24,103
518812,50.00,84.500000,393.500000,0,0,24,128
518812,60.00,125.000000,518.500000,0,0,24,154
518812,70.00,130.500000,649.000000,0,0,24,180
518812,74.22,71.000000,720.000000,0,0,24,190
512131,10.00,40.000000,40.000000,0,0,24,26
512131,20.00,102.000000,142.000000,0,0,24,52
512131,30.00,100.000000,242.000000,0,0,24,77
512131,40.00,83.000000,325.000000,0,0,24,103
512131,50.00,110.500000,435.500000,0,0,24,128
512131,60.00,137.000000,572.500000,0,0,24,155
512131,70.00,121.000000,693.500000,0,0,24,180
512131,74.22,26.500000,720.000000,0,0,24,190
625639,10.00,41.500000,41.500000,0,0,24,26
625639,20.00,99.500000,141.000000,0,0,24,52
625639,30.00,71.500000,212.500000,0,0,24,77
625639,40.00,100.000000,312.500000,0,0,24,103
625639,50.00,90.500000,403.000000,0,0,24,128
625639,60.00,126.500000,529.500000,0,0,24,154
625639,70.00,112.000000,641.500000,0,0,24,180
625639,75.39,78.500000,720.000000,0,0,24,193
659365,10.00,36.000000,36.000000,0,0,24,26
659365,20.00,109.500000,145.500000,0,0,24,52
659365,30.00,78.000000,223.500000,0,0,24,77
659365,40.00,89.000000,312.500000,0,0,24,103
659365,50.00,108.000000,420.500000,0,0,24,128
659365,60.00,102.500000,523.000000,0,0,24,154
659365,70.00,127.500000,650.500000,0,0,24,180
659365,76.56,69.500000,720.000000,0,0,24,196
826203,10.00,39.000000,39.000000,0,0,24,26
826203,20.00,114.500000,153.500000,0,0,24,52
826203,30.00,90.500000,244.000000,0,0,24,77
826203,40.00,92.000000,336.000000,0,0,24,103
826203,50.00,103.000000,439.000000,0,0,24,128
826203,60.00,101.000000,540.000000,0,0,24,154
826203,70.00,114.500000,654.500000,0,0,24,180
826203,75.39,65.500000,720.000000,0,0,24,193
905444,10.00,53.000000,53.000000,0,0,24,26
905444,20.00,118.000000,171.000000,0,0,24,52
905444,30.00,78.500000,249.500000,0,0,24,77
905444,40.00,83.500000,333.000000,0,0,24,103
905444,50.00,121.500000,454.500000,0,0,24,128
905444,60.00,125.000000,579.500000,0,0,24,154
905444,70.00,95.500000,675.000000,0,0,24,180
905444,72.66,45.000000,720.000000,0,0,24,186
967772,10.00,38.500000,38.500000,0,0,24,26
967772,20.00,101.500000,140.000000,0,0,24,52
967772,30.00,80.500000,220.500000,0,0,24,77
967772,40.00,92.500000,313.000000,0,0,24,103
967772,50.00,94.500000,407.500000,0,0,24,129
967772,60.00,109.500000,517.000000,0,0,24,154
967772,70.00,123.500000,640.500000,0,0,24,180
967772,76.95,79.500000,720.000000,0,0,24,197
24835,10.00,43.500000,43.500000,0,0,24,26
24835,20.00,105.000000,148.500000,0,0,24,52
24835,30.00,92.500000,241.000000,0,0,24,77
24835,40.00,91.500000,332.500000,0,0,24,103
24835,50.00,109.500000,442.000000,0,0,24,128
24835,60.00,106.000000,548.000000,0,0,24,154
24835,70.00,142.500000,690.500000,0,0,24,180
24835,71.88,29.500000,720.000000,0,0,24,184
97231,10.00,52.000000,52.000000,0,0,24,26
97231,20.00,89.500000,141.500000,0,0,24,52
97231,30.00,86.000000,227.500000,0,0,24,77
97231,40.00,98.500000,326.000000,0,0,24,103
97231,50.00,102.500000,428.500000,0,0,24,128
97231,60.00,128.500000,557.000000,0,0,24,154
97231,70.00,132.000000,689.000000,0,0,24,180
97231,72.27,31.000000,720.000000,0,0,24,185
259295,10.00,39.000000,39.000000,0,0,24,26
259295,20.00,93.500000,132.500000,0,0,24,52
259295,30.00,103.500000,236.000000,0,0,24,77
259295,40.00,93.500000,329.500000,0,0,24,103
259295,50.00,100.500000,430.000000,0,0,24,128
259295,60.00,105.000000,535.000000,0,0,24,155
259295,70.00,147.312500,682.312500,0,0,24,180
259295,72.27,37.687500,720.000000,0,0,24,185
369203,10.00,41.500000,41.500000,0,0,24,27
369203,20.00,92.000000,133.500000,0,0,24,52
369203,30.00,97.500000,231.000000,0,0,24,77
369203,40.00,93.000000,324.000000,0,0,24,103
369203,50.00,80.000000,404.000000,0,0,24,128
369203,60.00,118.000000,522.000000,0,0,24,154
369203,70.00,122.000000,644.000000,0,0,24,180
369203,75.39,76.000000,720.000000,0,0,24,193
463379,10.00,67.500000,67.500000,0,0,24,26
463379,20.00,87.000000,154.500000,0,0,24,52
463379,30.00,76.000000,230.500000,0,0,24,77
463379,40.00,86.000000,316.500000,0,0,24,103
463379,50.00,120.000000,436.500000,0,0,24,128
463379,60.00,103.000000,539.500000,0,0,24,154
463379,70.00,112.000000,651.500000,0,0,24,180
463379,75.39,68.500000,720.000000,0,0,24,193
571172,10.00,57.500000,57.500000,0,0,24,26
571172,20.00,81.000000,138.500000,0,0,24,52
571172,30.00,90.000000,228.500000,0,0,24,77
571172,40.00,108.000000,336.500000,0,0,24,103
571172,50.00,96.500000,433.000000,0,0,24,128
571172,60.00,114.500000,547.500000,0,0,24,154
571172,70.00,129.000000,676.500000,0,0,24,180
571172,73.44,43.500000,720.000000,0,0,24,188
683340,10.00,31.500000,31.500000,0,0,24,26
683340,20.00,79.500000,111.000000,0,0,24,52
683340,30.00,67.500000,178.500000,0,0,24,77
683340,40.00,104.500000,283.000000,0,0,24,103
683340,50.00,92.500000,375.500000,0,0,24,128
683340,60.00,94.500000,470.000000,0,0,24,154
683340,70.00,120.000000,590.000000,0,0,24,180
683340,80.00,127.000000,717.000000,0,0,24,205
683340,80.08,3.000000,720.000000,0,0,24,205
761832,10.00,43.000000,43.000000,0,0,24,26
761832,20.00,86.000000,129.000000,0,0,24,52
761832,30.00,78.500000,207.500000,0,0,24,77
761832,40.00,108.500000,316.000000,0,0,24,103
761832,50.00,106.500000,422.500000,0,0,24,128
761832,60.00,115.000000,537.500000,0,0,24,154
761832,70.00,129.000000,666.500000,0,0,24,180
761832,75.39,53.500000,720.000000,0,0,24,193
874403,10.00,46.000000,46.000000,0,0,24,26
874403,20.00,86.500000,132.500000,0,0,24,52
874403,30.00,72.500000,205.000000,0,0,24,77
874403,40.00,118.500000,323.500000,0,0,24,103
874403,50.00,91.000000,414.500000,0,0,24,128
874403,60.00,113.000000,527.500000,0,0,24,154
874403,70.00,114.000000,641.500000,0,0,24,180
874403,76.17,78.500000,720.000000,0,0,24,195
978604,10.00,49.000000,49.000000,0,0,24,26
978604,20.00,87.500000,136.500000,0,0,24,52
978604,30.00,102.000000,238.500000,0,0,24,78
978604,40.00,88.500000,327.000000,0,0,24,104
978604,50.00,95.000000,422.000000,0,0,24,128
978604,60.00,95.000000,517.000000,0,0,24,154
978604,70.00,128.500000,645.500000,0,0,24,180
978604,75.00,74.500000,720.000000,0,0,24,192
24152,10.00,42.500000,42.500000,0,0,24,26
24152,20.00,120.500000,163.000000,0,0,24,52
24152,30.00,93.000000,256.000000,0,0,24,77
24152,40.00,88.000000,344.000000,0,0,24,103
24152,50.00,102.000000,446.000000,0,0,24,128
24152,60.00,118.500000,564.500000,0,0,24,154
24152,70.00,144.500000,709.000000,0,0,24,180
24152,71.48,11.000000,720.000000,0,0,24,183
181985,10.00,59.000000,59.000000,0,0,24,26
181985,20.00,99.000000,158.000000,0,0,24,52
181985,30.00,97.500000,255.500000,0,0,24,77
181985,40.00,98.000000,353.500000,0,0,24,103
181985,50.00,91.500000,445.000000,0,0,24,128
181985,60.00,113.000000,558.000000,0,0,24,154
181985,70.00,110.500000,668.500000,0,0,24,180
181985,73.05,51.500000,720.000000,0,0,24,187
313766,10.00,39.500000,39.500000,0,0,24,26
313766,20.00,80.500000,120.000000,0,0,24,52
313766,30.00,108.500000,228.500000,0,0,24,78
313766,40.00,98.500000,327.000000,0,0,24,103
313766,50.00,92.000000,419.000000,0,0,24,128
313766,60.00,99.000000,518.000000,0,0,24,154
313766,70.00,144.500000,662.500000,0,0,24,180
313766,73.44,57.500000,720.000000,0,0,24,188
382664,10.00,45.500000,45.500000,0,0,24,26
382664,20.00,102.500000,148.000000,0,0,24,52
382664,30.00,80.000000,228.000000,0,0,24,77
382664,40.00,76.500000,304.500000,0,0,24,103
382664,50.00,113.000000,417.500000,0,0,24,128
382664,60.00,86.500000,504.000000,0,0,24,154
382664,70.00,133.500000,637.500000,0,0,24,180
382664,76.56,82.500000,720.000000,0,0,24,196
