random_seed,milestone_percent,time_interval,cumulative_time,food_distribution,algorithm_mode,num_robots,total_food
954641,10.00,41.500000,41.500000,0,0,24,26
954641,20.00,100.000000,141.500000,0,0,24,52
954641,30.00,80.500000,222.000000,0,0,24,77
954641,40.00,111.000000,333.000000,0,0,24,104
954641,50.00,86.375000,419.375000,0,0,24,128
954641,60.00,144.437500,563.812500,0,0,24,154
954641,70.00,151.687500,715.500000,0,0,24,180
954641,70.31,4.500000,720.000000,0,0,24,180
113625,10.00,48.000000,48.000000,0,0,24,26
113625,20.00,98.500000,146.500000,0,0,24,52
113625,30.00,82.500000,229.000000,0,0,24,77
113625,40.00,96.500000,325.500000,0,0,24,103
113625,50.00,107.500000,433.000000,0,0,24,128
113625,60.00,96.000000,529.000000,0,0,24,154
113625,70.00,125.000000,654.000000,0,0,24,180
113625,74.22,66.000000,720.000000,0,0,24,190
107628,10.00,51.500000,51.500000,0,0,24,26
107628,20.00,68.000000,119.500000,0,0,24,52
107628,30.00,92.500000,212.000000,0,0,24,77
107628,40.00,84.000000,296.000000,0,0,24,103
107628,50.00,105.000000,401.000000,0,0,24,128
107628,60.00,101.000000,502.000000,0,0,24,154
107628,70.00,129.500000,631.500000,0,0,24,180
107628,75.39,88.500000,720.000000,0,0,24,193
118899,10.00,60.000000,60.000000,0,0,24,26
118899,20.00,79.500000,139.500000,0,0,24,53
118899,30.00,83.500000,223.000000,0,0,24,77
118899,40.00,87.500000,310.500000,0,0,24,103
118899,50.00,106.500000,417.000000,0,0,24,128
118899,60.00,118.000000,535.000000,0,0,24,154
118899,70.00,118.000000,653.000000,0,0,24,180
118899,76.17,67.000000,720.000000,0,0,24,195
132982,10.00,52.000000,52.000000,0,0,24,26
132982,20.00,91.000000,143.000000,0,0,24,52
132982,30.00,89.500000,232.500000,0,0,24,77
132982,40.00,88.500000,321.000000,0,0,24,103
132982,50.00,116.000000,437.000000,0,0,24,128
132982,60.00,104.062500,541.062500,0,0,24,154
132982,70.00,130.437500,671.500000,0,0,24,180
132982,75.78,48.500000,720.000000,0,0,24,194
164635,10.00,37.500000,37.500000,0,0,24,26
164635,20.00,101.500000,139.000000,0,0,24,52
164635,30.00,75.500000,214.500000,0,0,24,77
164635,40.00,91.000000,305.500000,0,0,24,103
164635,50.00,80.500000,386.000000,0,0,24,128
164635,60.00,107.500000,493.500000,0,0,24,155
164635,70.00,129.000000,622.500000,0,0,24,180
164635,78.91,97.500000,720.000000,0,0,24,202
290312,10.00,68.000000,68.000000,0,0,24,26
290312,20.00,84.500000,152.500000,0,0,24,52
290312,30.00,97.000000,249.500000,0,0,24,77
290312,40.00,90.500000,340.000000,0,0,24,103
290312,50.00,105.500000,445.500000,0,0,24,128
290312,60.00,118.000000,563.500000,0,0,24,154
290312,70.00,115.500000,679.000000,0,0,24,180
290312,74.22,41.000000,720.000000,0,0,24,190
321223,10.00,54.500000,54.500000,0,0,24,26
321223,20.00,102.500000,157.000000,0,0,24,52
321223,30.00,95.468750,252.468750,0,0,24,77
321223,40.00,89.031250,341.500000,0,0,24,103
321223,50.00,104.000000,445.500000,0,0,24,129
321223,60.00,114.000000,559.500000,0,0,24,154
321223,70.00,154.500000,714.000000,0,0,24,180
321223,70.31,6.000000,720.000000,0,0,24,180
389992,10.00,35.000000,35.000000,0,0,24,26
389992,20.00,95.500000,130.500000,0,0,24,52
389992,30.00,80.500000,211.000000,0,0,24,77
389992,40.00,115.500000,326.500000,0,0,24,104
389992,50.00,90.500000,417.000000,0,0,24,129
389992,60.00,118.000000,535.000000,0,0,24,154
389992,70.00,108.000000,643.000000,0,0,24,180
389992,75.39,77.000000,720.000000,0,0,24,193
351450,10.00,43.500000,43.500000,0,0,24,26
351450,20.00,89.500000,133.000000,0,0,24,53
351450,30.00,82.500000,215.500000,0,0,24,77
351450,40.00,91.500000,307.000000,0,0,24,103
351450,50.00,106.500000,413.500000,0,0,24,128
351450,60.00,97.500000,511.000000,0,0,24,154
351450,70.00,132.500000,643.500000,0,0,24,180
351450,76.95,76.500000,720.000000,0,0,24,197
370987,10.00,51.000000,51.000000,0,0,24,27
370987,20.00,77.968750,128.968750,0,0,24,52
370987,30.00,90.531250,219.500000,0,0,24,77
370987,40.00,89.500000,309.000000,0,0,24,103
370987,50.00,77.000000,386.000000,0,0,24,128
370987,60.00,113.000000,499.000000,0,0,24,154
370987,70.00,126.000000,625.000000,0,0,24,180
370987,77.73,95.000000,720.000000,0,0,24,199
387419,10.00,48.500000,48.500000,0,0,24,26
387419,20.00,54.000000,102.500000,0,0,24,52
387419,30.00,76.500000,179.000000,0,0,24,77
387419,40.00,95.500000,274.500000,0,0,24,103
387419,50.00,118.500000,393.000000,0,0,24,128
387419,60.00,105.500000,498.500000,0,0,24,154
387419,70.00,131.500000,630.000000,0,0,24,180
387419,76.95,90.000000,720.000000,0,0,24,197
348801,10.00,44.500000,44.500000,0,0,24,26
348801,20.00,85.500000,130.000000,0,0,24,52
348801,30.00,76.500000,206.500000,0,0,24,77
348801,40.00,96.500000,303.000000,0,0,24,103
348801,50.00,109.500000,412.500000,0,0,24,128
348801,60.00,106.500000,519.000000,0,0,24,154
348801,70.00,128.500000,647.500000,0,0,24,180
348801,76.56,72.500000,720.000000,0,0,24,196
421977,10.00,43.500000,43.500000,0,0,24,26
421977,20.00,89.000000,132.500000,0,0,24,53
421977,30.00,83.000000,215.500000,0,0,24,77
421977,40.00,110.000000,325.500000,0,0,24,103
421977,50.00,97.000000,422.500000,0,0,24,128
421977,60.00,115.000000,537.500000,0,0,24,154
421977,70.00,115.000000,652.500000,0,0,24,180
421977,74.22,67.500000,720.000000,0,0,24,190
529028,10.00,57.500000,57.500000,0,0,24,26
529028,20.00,93.000000,150.500000,0,0,24,52
529028,30.00,82.500000,233.000000,0,0,24,77
529028,40.00,90.000000,323.000000,0,0,24,103
529028,50.00,119.500000,442.500000,0,0,24,128
529028,60.00,103.000000,545.500000,0,0,24,154
529028,70.00,143.500000,689.000000,0,0,24,180
529028,73.05,31.000000,720.000000,0,0,24,187
553856,10.00,55.000000,55.000000,0,0,24,26
553856,20.00,66.500000,121.500000,0,0,24,52
553856,30.00,104.000000,225.500000,0,0,24,77
553856,40.00,91.000000,316.500000,0,0,24,103
553856,50.00,92.500000,409.000000,0,0,24,128
553856,60.00,108.500000,517.500000,0,0,24,154
553856,70.00,123.343750,640.843750,0,0,24,180
553856,76.95,79.156250,720.000000,0,0,24,197
555990,10.00,46.500000,46.500000,0,0,24,26
555990,20.00,101.500000,148.000000,0,0,24,52
555990,30.00,89.343750,237.343750,0,0,24,77
555990,40.00,84.156250,321.500000,0,0,24,103
555990,50.00,109.500000,431.000000,0,0,24,128
555990,60.00,110.312500,541.312500,0,0,24,154
555990,70.00,129.187500,670.500000,0,0,24,180
555990,74.61,49.500000,720.000000,0,0,24,191
642557,10.00,54.000000,54.000000,0,0,24,26
642557,20.00,104.000000,158.000000,0,0,24,52
642557,30.00,74.593750,232.593750,0,0,24,77
642557,40.00,115.906250,348.500000,0,0,24,103
642557,50.00,94.000000,442.500000,0,0,24,128
642557,60.00,114.500000,557.000000,0,0,24,154
642557,70.00,116.000000,673.000000,0,0,24,180
642557,72.66,47.000000,720.000000,0,0,24,186
693916,10.00,40.500000,40.500000,0,0,24,26
693916,20.00,89.500000,130.000000,0,0,24,52
693916,30.00,102.000000,232.000000,0,0,24,77
693916,40.00,99.500000,331.500000,0,0,24,103
693916,50.00,94.000000,425.500000,0,0,24,128
693916,60.00,104.500000,530.000000,0,0,24,154
693916,70.00,103.500000,633.500000,0,0,24,180
693916,76.95,86.500000,720.000000,0,0,24,197
764637,10.00,53.500000,53.500000,0,0,24,27
764637,20.00,85.500000,139.000000,0,0,24,52
764637,30.00,90.000000,229.000000,0,0,24,77
764637,40.00,105.000000,334.000000,0,0,24,103
764637,50.00,96.500000,430.500000,0,0,24,128
764637,60.00,103.000000,533.500000,0,0,24,154
764637,70.00,128.000000,661.500000,0,0,24,181
764637,74.22,58.500000,720.000000,0,0,24,190
822910,10.00,49.000000,49.000000,0,0,24,26
822910,20.00,90.000000,139.000000,0,0,24,52
822910,30.00,67.406250,206.406250,0,0,24,77
822910,40.00,113.093750,319.500000,0,0,24,103
822910,50.00,97.500000,417.000000,0,0,24,128
822910,60.00,124.000000,541.000000,0,0,24,154
822910,70.00,106.000000,647.000000,0,0,24,180
822910,74.61,73.000000,720.000000,0,0,24,191
746231,10.00,51.500000,51.500000,0,0,24,26
746231,20.00,96.500000,148.000000,0,0,24,52
746231,30.00,132.375000,280.375000,0,0,24,77
746231,40.00,117.625000,398.000000,0,0,24,103
746231,50.00,128.500000,526.500000,0,0,24,128
746231,60.00,112.500000,639.000000,0,0,24,154
746231,66.02,81.000000,720.000000,0,0,24,169
905605,10.00,56.500000,56.500000,0,0,24,26
905605,20.00,81.500000,138.000000,0,0,24,52
905605,30.00,89.500000,227.500000,0,0,24,77
905605,40.00,94.500000,322.000000,0,0,24,103
905605,50.00,89.000000,411.000000,0,0,24,128
905605,60.00,126.500000,537.500000,0,0,24,154
905605,70.00,123.500000,661.000000,0,0,24,180
905605,74.22,59.000000,720.000000,0,0,24,190
933179,10.00,56.000000,56.000000,0,0,24,26
933179,20.00,80.000000,136.000000,0,0,24,52
933179,30.00,82.000000,218.000000,0,0,24,77
933179,40.00,101.500000,319.500000,0,0,24,103
933179,50.00,91.000000,410.500000,0,0,24,129
933179,60.00,94.000000,504.500000,0,0,24,154
933179,70.00,128.500000,633.000000,0,0,24,180
933179,75.78,87.000000,720.000000,0,0,24,194
946831,10.00,61.500000,61.500000,0,0,24,26
946831,20.00,93.000000,154.500000,0,0,24,52
946831,30.00,91.000000,245.500000,0,0,24,78
946831,40.00,99.500000,345.000000,0,0,24,103
946831,50.00,99.500000,444.500000,0,0,24,128
946831,60.00,93.000000,537.500000,0,0,24,154
946831,70.00,134.000000,671.500000,0,0,24,180
946831,75.00,48.500000,720.000000,0,0,24,192
944442,10.00,33.500000,33.500000,0,0,24,26
944442,20.00,132.000000,165.500000,0,0,24,52
944442,30.00,97.000000,262.500000,0,0,24,77
944442,40.00,102.500000,365.000000,0,0,24,103
944442,50.00,91.500000,456.500000,0,0,24,128
944442,60.00,125.500000,582.000000,0,0,24,154
944442,70.00,109.000000,691.000000,0,0,24,180
944442,71.48,29.000000,720.000000,0,0,24,183
49711,10.00,38.000000,38.000000,0,0,24,26
49711,20.00,89.000000,127.000000,0,0,24,53
49711,30.00,83.000000,210.000000,0,0,24,77
49711,40.00,82.500000,292.500000,0,0,24,103
49711,50.00,93.500000,386.000000,0,0,24,128
49711,60.00,106.500000,492.500000,0,0,24,154
49711,70.00,122.000000,614.500000,0,0,24,180
49711,78.91,105.500000,720.000000,0,0,24,202
108605,10.00,37.000000,37.000000,0,0,24,26
108605,20.00,96.500000,133.500000,0,0,24,52
108605,30.00,78.000000,211.500000,0,0,24,77
108605,40.00,101.000000,312.500000,0,0,24,103
108605,50.00,79.500000,392.000000,0,0,24,128
108605,60.00,119.500000,511.500000,0,0,24,154
108605,70.00,130.500000,642.000000,0,0,24,180
108605,76.56,78.000000,720.000000,0,0,24,196
86462,10.00,40.500000,40.500000,0,0,24,26
86462,20.00,94.500000,135.000000,0,0,24,52
86462,30.00,92.000000,227.000000,0,0,24,77
86462,40.00,87.500000,314.500000,0,0,24,103
86462,50.00,106.500000,421.000000,0,0,24,128
86462,60.00,117.000000,538.000000,0,0,24,154
86462,70.00,135.000000,673.000000,0,0,24,181
86462,75.00,47.000000,720.000000,0,0,24,192
123253,10.00,49.000000,49.000000,0,0,24,26
123253,20.00,95.500000,144.500000,0,0,24,52
123253,30.00,87.000000,231.500000,0,0,24,77
123253,40.00,89.500000,321.000000,0,0,24,103
123253,50.00,95.500000,416.500000,0,0,24,128
123253,60.00,121.500000,538.000000,0,0,24,154
123253,70.00,123.500000,661.500000,0,0,24,180
123253,73.05,58.500000,720.000000,0,0,24,187
121541,10.00,56.000000,56.000000,0,0,24,26
121541,20.00,83.500000,139.500000,0,0,24,52
121541,30.00,84.000000,223.500000,0,0,24,77
121541,40.00,94.500000,318.000000,0,0,24,103
121541,50.00,90.937500,408.937500,0,0,24,128
121541,60.00,124.562500,533.500000,0,0,24,154
121541,70.00,128.500000,662.000000,0,0,24,181
121541,75.78,58.000000,720.000000,0,0,24,194
127905,10.00,37.500000,37.500000,0,0,24,26
127905,20.00,86.500000,124.000000,0,0,24,52
127905,30.00,82.500000,206.500000,0,0,24,78
127905,40.00,99.000000,305.500000,0,0,24,103
127905,50.00,85.000000,390.500000,0,0,24,128
127905,60.00,109.500000,500.000000,0,0,24,154
127905,70.00,129.500000,629.500000,0,0,24,180
127905,77.34,90.500000,720.000000,0,0,24,198
122239,10.00,50.281250,50.281250,0,0,24,26
122239,20.00,88.218750,138.500000,0,0,24,52
122239,30.00,88.500000,227.000000,0,0,24,77
122239,40.00,95.000000,322.000000,0,0,24,103
122239,50.00,83.500000,405.500000,0,0,24,128
122239,60.00,113.000000,518.500000,0,0,24,154
122239,70.00,126.062500,644.562500,0,0,24,180
122239,75.39,75.437500,720.000000,0,0,24,193
74105,10.00,52.843750,52.843750,0,0,24,26
74105,20.00,92.656250,145.500000,0,0,24,52
74105,30.00,93.000000,238.500000,0,0,24,77
74105,40.00,90.500000,329.000000,0,0,24,103
74105,50.00,115.000000,444.000000,0,0,24,128
74105,60.00,119.000000,563.000000,0,0,24,154
74105,70.00,120.500000,683.500000,0,0,24,180
74105,72.27,36.500000,720.000000,0,0,24,185
268862,10.00,54.000000,54.000000,0,0,24,26
268862,20.00,76.500000,130.500000,0,0,24,52
268862,30.00,96.000000,226.500000,0,0,24,77
268862,40.00,106.000000,332.500000,0,0,24,103
268862,50.00,103.500000,436.000000,0,0,24,128
268862,60.00,107.500000,543.500000,0,0,24,154
268862,70.00,140.000000,683.500000,0,0,24,180
268862,73.05,36.500000,720.000000,0,0,24,187
443426,10.00,40.000000,40.000000,0,0,24,26
443426,20.00,89.500000,129.500000,0,0,24,52
443426,30.00,80.500000,210.000000,0,0,24,77
443426,40.00,101.500000,311.500000,0,0,24,103
443426,50.00,105.000000,416.500000,0,0,24,129
443426,60.00,96.000000,512.500000,0,0,24,154
443426,70.00,120.000000,632.500000,0,0,24,180
443426,75.78,87.500000,720.000000,0,0,24,194
588552,10.00,55.406250,55.406250,0,0,24,26
588552,20.00,78.093750,133.500000,0,0,24,52
588552,30.00,71.000000,204.500000,0,0,24,77
588552,40.00,95.500000,300.000000,0,0,24,103
588552,50.00,93.500000,393.500000,0,0,24,128
588552,60.00,102.500000,496.000000,0,0,24,154
588552,70.00,130.000000,626.000000,0,0,24,180
588552,75.78,94.000000,720.000000,0,0,24,194
545955,10.00,54.000000,54.000000,0,0,24,26
545955,20.00,86.562500,140.562500,0,0,24,52
545955,30.00,118.906250,259.468750,0,0,24,77
545955,40.00,101.031250,360.500000,0,0,24,103
545955,50.00,94.000000,454.500000,0,0,24,128
545955,60.00,117.500000,572.000000,0,0,24,154
545955,70.00,133.000000,705.000000,0,0,24,180
545955,70.31,15.000000,720.000000,0,0,24,180
625449,10.00,40.500000,40.500000,0,0,24,26
625449,20.00,96.000000,136.500000,0,0,24,52
625449,30.00,79.000000,215.500000,0,0,24,77
625449,40.00,87.500000,303.000000,0,0,24,103
625449,50.00,80.000000,383.000000,0,0,24,128
625449,60.00,114.000000,497.000000,0,0,24,154
625449,70.00,132.500000,629.500000,0,0,24,180
625449,75.78,90.500000,720.000000,0,0,24,194
694283,10.00,46.500000,46.500000,0,0,24,26
694283,20.00,79.000000,125.500000,0,0,24,52
694283,30.00,76.000000,201.500000,0,0,24,77
694283,40.00,88.500000,290.000000,0,0,24,103
694283,50.00,102.000000,392.000000,0,0,24,128
694283,60.00,85.000000,477.000000,0,0,24,154
694283,70.00,116.781250,593.781250,0,0,24,180
694283,77.34,126.218750,720.000000,0,0,24,198
746719,10.00,46.000000,46.000000,0,0,24,27
746719,20.00,91.000000,137.000000,0,0,24,52
746719,30.00,97.000000,234.000000,0,0,24,77
746719,40.00,101.500000,335.500000,0,0,24,103
746719,50.00,79.000000,414.500000,0,0,24,128
746719,60.00,129.125000,543.625000,0,0,24,154
746719,70.00,99.375000,643.000000,0,0,24,180
746719,75.78,77.000000,720.000000,0,0,24,194
753516,10.00,46.500000,46.500000,0,0,24,26
753516,20.00,100.000000,146.500000,0,0,24,52
753516,30.00,97.500000,244.000000,0,0,24,77
753516,40.00,86.000000,330.000000,0,0,24,103
753516,50.00,120.500000,450.500000,0,0,24,129
753516,60.00,99.000000,549.500000,0,0,24,154
753516,70.00,140.000000,689.500000,0,0,24,180
753516,71.88,30.500000,720.000000,0,0,24,184
742350,10.00,47.500000,47.500000,0,0,24,26
742350,20.00,94.500000,142.000000,0,0,24,52
742350,30.00,75.500000,217.500000,0,0,24,77
742350,40.00,73.500000,291.000000,0,0,24,103
742350,50.00,102.000000,393.000000,0,0,24,128
742350,60.00,120.000000,513.000000,0,0,24,154
742350,70.00,120.093750,633.093750,0,0,24,180
742350,75.78,86.906250,720.000000,0,0,24,194
752587,10.00,42.500000,42.500000,0,0,24,26
752587,20.00,94.500000,137.000000,0,0,24,52
752587,30.00,83.000000,220.000000,0,0,24,77
752587,40.00,99.500000,319.500000,0,0,24,103
752587,50.00,106.500000,426.000000,0,0,24,128
752587,60.00,124.000000,550.000000,0,0,24,154
752587,70.00,135.500000,685.500000,0,0,24,180
752587,72.66,34.500000,720.000000,0,0,24,186
731132,10.00,56.000000,56.000000,0,0,24,26
731132,20.00,124.000000,180.000000,0,0,24,52
731132,30.00,89.500000,269.500000,0,0,24,77
731132,40.00,109.000000,378.500000,0,0,24,103
731132,50.00,94.000000,472.500000,0,0,24,128
731132,60.00,138.000000,610.500000,0,0,24,154
731132,67.58,109.500000,720.000000,0,0,24,173
815223,10.00,45.500000,45.500000,0,0,24,26
815223,20.00,102.000000,147.500000,0,0,24,52
815223,30.00,71.500000,219.000000,0,0,24,77
815223,40.00,115.500000,334.500000,0,0,24,103
815223,50.00,78.500000,413.000000,0,0,24,128
815223,60.00,109.500000,522.500000,0,0,24,154
815223,70.00,123.500000,646.000000,0,0,24,180
815223,73.83,74.000000,720.000000,0,0,24,189
795296,10.00,33.500000,33.500000,0,0,24,26
795296,20.00,100.000000,133.500000,0,0,24,52
795296,30.00,94.500000,228.000000,0,0,24,77
795296,40.00,93.500000,321.500000,0,0,24,103
795296,50.00,105.000000,426.500000,0,0,24,128
795296,60.00,105.687500,532.187500,0,0,24,154
795296,70.00,124.812500,657.000000,0,0,24,180
795296,75.78,63.000000,720.000000,0,0,24,194
803021,10.00,55.000000,55.000000,0,0,24,26
803021,20.00,70.500000,125.500000,0,0,24,52
803021,30.00,93.000000,218.500000,0,0,24,77
803021,40.00,85.500000,304.000000,0,0,24,103
803021,50.00,102.000000,406.000000,0,0,24,128
803021,60.00,101.500000,507.500000,0,0,24,154
803021,70.00,125.000000,632.500000,0,0,24,180
803021,76.95,87.500000,720.000000,0,0,24,197
791627,10.00,53.000000,53.000000,0,0,24,26
791627,20.00,82.500000,135.500000,0,0,24,52
791627,30.00,90.000000,225.500000,0,0,24,77
791627,40.00,94.500000,320.000000,0,0,24,103
791627,50.00,106.500000,426.500000,0,0,24,128
791627,60.00,126.500000,553.000000,0,0,24,154
791627,70.00,161.500000,714.500000,0,0,24,180
791627,70.31,5.500000,720.000000,0,0,24,180
871015,10.00,71.000000,71.000000,0,0,24,26
871015,20.00,72.000000,143.000000,0,0,24,52
871015,30.00,81.500000,224.500000,0,0,24,77
871015,40.00,89.000000,313.500000,0,0,24,103
871015,50.00,97.000000,410.500000,0,0,24,128
871015,60.00,142.500000,553.000000,0,0,24,154
871015,70.00,131.500000,684.500000,0,0,24,180
871015,72.27,35.500000,720.000000,0,0,24,185
