random_seed,milestone_percent,time_interval,cumulative_time,food_distribution,algorithm_mode,num_robots,total_food
952151,10.00,254.500000,254.500000,1,0,24,26
952151,20.00,193.000000,447.500000,1,0,24,52
952151,30.00,212.500000,660.000000,1,0,24,78
952151,32.42,60.000000,720.000000,1,0,24,83
912587,10.00,209.500000,209.500000,1,0,24,26
912587,20.00,218.500000,428.000000,1,0,24,52
912587,30.00,184.000000,612.000000,1,0,24,77
912587,33.98,108.000000,720.000000,1,0,24,87
968811,10.00,182.500000,182.500000,1,0,24,26
968811,20.00,191.000000,373.500000,1,0,24,52
968811,30.00,148.000000,521.500000,1,0,24,77
968811,39.84,198.500000,720.000000,1,0,24,102
965317,10.00,162.000000,162.000000,1,0,24,26
965317,20.00,179.500000,341.500000,1,0,24,52
965317,30.00,143.500000,485.000000,1,0,24,77
965317,40.00,201.500000,686.500000,1,0,24,103
965317,42.58,33.500000,720.000000,1,0,24,109
984401,10.00,134.000000,134.000000,1,0,24,26
984401,20.00,169.187500,303.187500,1,0,24,52
984401,30.00,154.187500,457.375000,1,0,24,77
984401,40.00,226.625000,684.000000,1,0,24,103
984401,40.62,36.000000,720.000000,1,0,24,104
924743,10.00,166.000000,166.000000,1,0,24,26
924743,20.00,142.500000,308.500000,1,0,24,52
924743,30.00,170.500000,479.000000,1,0,24,77
924743,40.00,175.000000,654.000000,1,0,24,103
924743,44.14,66.000000,720.000000,1,0,24,113
837599,10.00,138.500000,138.500000,1,0,24,26
837599,20.00,158.093750,296.593750,1,0,24,52
837599,30.00,164.406250,461.000000,1,0,24,77
837599,40.00,190.000000,651.000000,1,0,24,103
837599,43.36,69.000000,720.000000,1,0,24,111
717224,10.00,159.000000,159.000000,1,0,24,26
717224,20.00,193.500000,352.500000,1,0,24,52
717224,30.00,145.000000,497.500000,1,0,24,77
717224,38.67,222.500000,720.000000,1,0,24,99
593197,10.00,159.500000,159.500000,1,0,24,26
593197,20.00,120.281250,279.781250,1,0,24,52
593197,30.00,189.718750,469.500000,1,0,24,77
593197,40.00,188.000000,657.500000,1,0,24,103
593197,41.02,62.500000,720.000000,1,0,24,105
591504,10.00,192.437500,192.437500,1,0,24,26
591504,20.00,177.062500,369.500000,1,0,24,52
591504,30.00,170.000000,539.500000,1,0,24,77
591504,40.00,176.500000,716.000000,1,0,24,103
591504,40.23,4.000000,720.000000,1,0,24,103
572497,10.00,171.500000,171.500000,1,0,24,26
572497,20.00,185.875000,357.375000,1,0,24,52
572497,30.00,184.625000,542.000000,1,0,24,77
572497,38.67,178.000000,720.000000,1,0,24,99
530069,10.00,223.312500,223.312500,1,0,24,26
530069,20.00,194.687500,418.000000,1,0,24,52
530069,30.00,197.375000,615.375000,1,0,24,77
530069,35.16,104.625000,720.000000,1,0,24,90
611819,10.00,143.000000,143.000000,1,0,24,26
611819,20.00,123.500000,266.500000,1,0,24,52
611819,30.00,248.625000,515.125000,1,0,24,77
611819,40.00,189.875000,705.000000,1,0,24,103
611819,40.62,15.000000,720.000000,1,0,24,104
552990,10.00,177.500000,177.500000,1,0,24,26
552990,20.00,170.500000,348.000000,1,0,24,52
552990,30.00,187.500000,535.500000,1,0,24,77
552990,37.50,184.500000,720.000000,1,0,24,96
535508,10.00,193.593750,193.593750,1,0,24,26
535508,20.00,167.937500,361.531250,1,0,24,52
535508,30.00,161.937500,523.468750,1,0,24,77
535508,40.00,194.031250,717.500000,1,0,24,103
535508,40.62,2.500000,720.000000,1,0,24,104
463088,10.00,194.000000,194.000000,1,0,24,26
463088,20.00,204.500000,398.500000,1,0,24,52
463088,30.00,187.000000,585.500000,1,0,24,77
463088,38.67,134.500000,720.000000,1,0,24,99
393954,10.00,245.500000,245.500000,1,0,24,26
393954,20.00,201.500000,447.000000,1,0,24,52
393954,30.00,178.500000,625.500000,1,0,24,77
393954,33.59,94.500000,720.000000,1,0,24,86
304336,10.00,117.000000,117.000000,1,0,24,26
304336,20.00,172.000000,289.000000,1,0,24,52
304336,30.00,168.812500,457.812500,1,0,24,77
304336,40.00,211.156250,668.968750,1,0,24,103
304336,44.53,51.031250,720.000000,1,0,24,114
280549,10.00,221.500000,221.500000,1,0,24,26
280549,20.00,181.500000,403.000000,1,0,24,52
280549,30.00,178.406250,581.406250,1,0,24,77
280549,37.11,138.593750,720.000000,1,0,24,95
269993,10.00,154.500000,154.500000,1,0,24,26
269993,20.00,206.625000,361.125000,1,0,24,52
269993,30.00,281.531250,642.656250,1,0,24,77
269993,35.55,77.343750,720.000000,1,0,24,91
194586,10.00,142.718750,142.718750,1,0,24,26
194586,20.00,147.781250,290.500000,1,0,24,52
194586,30.00,182.000000,472.500000,1,0,24,77
194586,40.00,200.000000,672.500000,1,0,24,103
194586,42.58,47.500000,720.000000,1,0,24,109
225387,10.00,154.500000,154.500000,1,0,24,26
225387,20.00,156.593750,311.093750,1,0,24,52
225387,30.00,205.406250,516.500000,1,0,24,77
225387,40.00,202.500000,719.000000,1,0,24,103
225387,40.23,1.000000,720.000000,1,0,24,103
221756,10.00,209.500000,209.500000,1,0,24,26
221756,20.00,166.000000,375.500000,1,0,24,52
221756,30.00,199.500000,575.000000,1,0,24,77
221756,37.11,145.000000,720.000000,1,0,24,95
222677,10.00,206.500000,206.500000,1,0,24,26
222677,20.00,185.000000,391.500000,1,0,24,52
222677,30.00,185.000000,576.500000,1,0,24,77
222677,38.28,143.500000,720.000000,1,0,24,98
190076,10.00,125.500000,125.500000,1,0,24,26
190076,20.00,204.000000,329.500000,1,0,24,52
190076,30.00,199.000000,528.500000,1,0,24,77
190076,38.67,191.500000,720.000000,1,0,24,99
249365,10.00,149.875000,149.875000,1,0,24,26
249365,20.00,177.625000,327.500000,1,0,24,52
249365,30.00,208.500000,536.000000,1,0,24,77
249365,40.00,174.500000,710.500000,1,0,24,103
249365,40.62,9.500000,720.000000,1,0,24,104
127491,10.00,156.000000,156.000000,1,0,24,26
127491,20.00,141.500000,297.500000,1,0,24,52
127491,30.00,174.500000,472.000000,1,0,24,77
127491,40.00,214.375000,686.375000,1,0,24,103
127491,42.58,33.625000,720.000000,1,0,24,109
944650,10.00,170.000000,170.000000,1,0,24,26
944650,20.00,169.000000,339.000000,1,0,24,52
944650,30.00,201.656250,540.656250,1,0,24,77
944650,39.84,179.343750,720.000000,1,0,24,102
920307,10.00,160.750000,160.750000,1,0,24,26
920307,20.00,147.250000,308.000000,1,0,24,52
920307,30.00,222.218750,530.218750,1,0,24,77
920307,37.11,189.781250,720.000000,1,0,24,95
839304,10.00,156.500000,156.500000,1,0,24,26
839304,20.00,190.125000,346.625000,1,0,24,52
839304,30.00,175.875000,522.500000,1,0,24,77
839304,39.84,197.500000,720.000000,1,0,24,102
792636,10.00,174.000000,174.000000,1,0,24,26
792636,20.00,222.218750,396.218750,1,0,24,52
792636,30.00,185.781250,582.000000,1,0,24,77
792636,36.33,138.000000,720.000000,1,0,24,93
727408,10.00,218.875000,218.875000,1,0,24,26
727408,20.00,165.343750,384.218750,1,0,24,52
727408,30.00,177.781250,562.000000,1,0,24,77
727408,38.28,158.000000,720.000000,1,0,24,98
632000,10.00,149.000000,149.000000,1,0,24,26
632000,20.00,178.000000,327.000000,1,0,24,52
632000,30.00,192.500000,519.500000,1,0,24,77
632000,38.67,200.500000,720.000000,1,0,24,99
505305,10.00,166.406250,166.406250,1,0,24,26
505305,20.00,143.093750,309.500000,1,0,24,53
505305,30.00,215.156250,524.656250,1,0,24,77
505305,38.28,195.343750,720.000000,1,0,24,98
450831,10.00,135.000000,135.000000,1,0,24,26
450831,20.00,178.000000,313.000000,1,0,24,53
450831,30.00,191.500000,504.500000,1,0,24,77
450831,40.00,173.000000,677.500000,1,0,24,103
450831,41.80,42.500000,720.000000,1,0,24,107
385722,10.00,154.500000,154.500000,1,0,24,26
385722,20.00,199.562500,354.062500,1,0,24,52
385722,30.00,225.343750,579.406250,1,0,24,77
385722,35.16,140.593750,720.000000,1,0,24,90
415379,10.00,155.500000,155.500000,1,0,24,26
415379,20.00,196.156250,351.656250,1,0,24,52
415379,30.00,157.062500,508.718750,1,0,24,77
415379,40.00,189.781250,698.500000,1,0,24,103
415379,41.02,21.500000,720.000000,1,0,24,105
373564,10.00,139.500000,139.500000,1,0,24,26
373564,20.00,169.000000,308.500000,1,0,24,52
373564,30.00,131.500000,440.000000,1,0,24,77
373564,40.00,171.500000,611.500000,1,0,24,103
373564,45.70,108.500000,720.000000,1,0,24,117
345262,10.00,183.500000,183.500000,1,0,24,26
345262,20.00,178.000000,361.500000,1,0,24,52
345262,30.00,177.500000,539.000000,1,0,24,77
345262,39.84,181.000000,720.000000,1,0,24,102
400639,10.00,187.000000,187.000000,1,0,24,26
400639,20.00,163.500000,350.500000,1,0,24,52
400639,30.00,150.500000,501.000000,1,0,24,77
400639,38.28,219.000000,720.000000,1,0,24,98
479710,10.00,162.000000,162.000000,1,0,24,26
479710,20.00,161.500000,323.500000,1,0,24,52
479710,30.00,171.000000,494.500000,1,0,24,77
479710,40.00,167.500000,662.000000,1,0,24,103
479710,42.58,58.000000,720.000000,1,0,24,109
444347,10.00,164.000000,164.000000,1,0,24,26
444347,20.00,246.968750,410.968750,1,0,24,52
444347,30.00,171.031250,582.000000,1,0,24,77
444347,37.11,138.000000,720.000000,1,0,24,95
285964,10.00,157.500000,157.500000,1,0,24,26
285964,20.00,135.000000,292.500000,1,0,24,52
285964,30.00,172.937500,465.437500,1,0,24,77
285964,40.00,204.062500,669.500000,1,0,24,103
285964,42.19,50.500000,720.000000,1,0,24,108
307094,10.00,126.500000,126.500000,1,0,24,26
307094,20.00,139.500000,266.000000,1,0,24,52
307094,30.00,177.000000,443.000000,1,0,24,77
307094,40.00,195.500000,638.500000,1,0,24,103
307094,44.14,81.500000,720.000000,1,0,24,113
285150,10.00,171.000000,171.000000,1,0,24,26
285150,20.00,201.500000,372.500000,1,0,24,52
285150,30.00,204.625000,577.125000,1,0,24,77
285150,36.33,142.875000,720.000000,1,0,24,93
312691,10.00,176.000000,176.000000,1,0,24,26
312691,20.00,174.000000,350.000000,1,0,24,52
312691,30.00,162.843750,512.843750,1,0,24,77
312691,40.00,174.656250,687.500000,1,0,24,103
312691,40.62,32.500000,720.000000,1,0,24,104
229751,10.00,189.000000,189.000000,1,0,24,26
229751,20.00,197.000000,386.000000,1,0,24,52
229751,30.00,181.250000,567.250000,1,0,24,77
229751,38.67,152.750000,720.000000,1,0,24,99
179216,10.00,164.125000,164.125000,1,0,24,26
179216,20.00,195.375000,359.500000,1,0,24,52
179216,30.00,216.500000,576.000000,1,0,24,77
179216,35.16,144.000000,720.000000,1,0,24,90
140546,10.00,115.500000,115.500000,1,0,24,26
140546,20.00,172.250000,287.750000,1,0,24,52
140546,30.00,223.750000,511.500000,1,0,24,77
140546,40.00,194.500000,706.000000,1,0,24,103
140546,41.41,14.000000,720.000000,1,0,24,106
51018,10.00,180.500000,180.500000,1,0,24,26
51018,20.00,192.500000,373.000000,1,0,24,52
51018,30.00,160.000000,533.000000,1,0,24,77
51018,40.00,161.500000,694.500000,1,0,24,103
51018,42.58,25.500000,720.000000,1,0,24,109
