random_seed,milestone_percent,time_interval,cumulative_time,food_distribution,algorithm_mode,num_robots,total_food
555917,10.00,55.500000,55.500000,2,0,24,26
555917,20.00,98.000000,153.500000,2,0,24,52
555917,30.00,127.500000,281.000000,2,0,24,77
555917,40.00,134.500000,415.500000,2,0,24,103
555917,50.00,141.500000,557.000000,2,0,24,128
555917,58.20,163.000000,720.000000,2,0,24,149
598740,10.00,79.500000,79.500000,2,0,24,26
598740,20.00,91.000000,170.500000,2,0,24,52
598740,30.00,112.500000,283.000000,2,0,24,77
598740,40.00,116.187500,399.187500,2,0,24,103
598740,50.00,141.812500,541.000000,2,0,24,128
598740,60.00,151.000000,692.000000,2,0,24,154
598740,61.33,28.000000,720.000000,2,0,24,157
654698,10.00,66.000000,66.000000,2,0,24,26
654698,20.00,93.500000,159.500000,2,0,24,52
654698,30.00,145.000000,304.500000,2,0,24,77
654698,40.00,140.000000,444.500000,2,0,24,103
654698,50.00,165.500000,610.000000,2,0,24,128
654698,52.73,110.000000,720.000000,2,0,24,135
725821,10.00,63.500000,63.500000,2,0,24,26
725821,20.00,111.500000,175.000000,2,0,24,52
725821,30.00,98.000000,273.000000,2,0,24,77
725821,40.00,139.000000,412.000000,2,0,24,103
725821,50.00,141.000000,553.000000,2,0,24,128
725821,60.00,133.000000,686.000000,2,0,24,154
725821,60.94,34.000000,720.000000,2,0,24,156
846017,10.00,72.500000,72.500000,2,0,24,27
846017,20.00,100.500000,173.000000,2,0,24,52
846017,30.00,108.093750,281.093750,2,0,24,77
846017,40.00,138.406250,419.500000,2,0,24,103
846017,50.00,145.000000,564.500000,2,0,24,128
846017,56.64,155.500000,720.000000,2,0,24,145
959688,10.00,50.000000,50.000000,2,0,24,26
959688,20.00,89.000000,139.000000,2,0,24,52
959688,30.00,89.000000,228.000000,2,0,24,77
959688,40.00,128.000000,356.000000,2,0,24,103
959688,50.00,118.000000,474.000000,2,0,24,128
959688,60.00,161.500000,635.500000,2,0,24,154
959688,65.23,84.500000,720.000000,2,0,24,167
5349,10.00,64.500000,64.500000,2,0,24,26
5349,20.00,103.000000,167.500000,2,0,24,52
5349,30.00,81.000000,248.500000,2,0,24,77
5349,40.00,120.000000,368.500000,2,0,24,103
5349,50.00,118.500000,487.000000,2,0,24,129
5349,60.00,138.500000,625.500000,2,0,24,154
5349,63.67,94.500000,720.000000,2,0,24,163
69826,10.00,66.000000,66.000000,2,0,24,26
69826,20.00,97.000000,163.000000,2,0,24,52
69826,30.00,81.500000,244.500000,2,0,24,77
69826,40.00,153.000000,397.500000,2,0,24,103
69826,50.00,160.500000,558.000000,2,0,24,128
69826,60.00,122.000000,680.000000,2,0,24,154
69826,62.11,40.000000,720.000000,2,0,24,159
149905,10.00,73.781250,73.781250,2,0,24,26
149905,20.00,111.718750,185.500000,2,0,24,52
149905,30.00,90.500000,276.000000,2,0,24,77
149905,40.00,148.500000,424.500000,2,0,24,103
149905,50.00,168.500000,593.000000,2,0,24,128
149905,57.42,127.000000,720.000000,2,0,24,147
233117,10.00,72.000000,72.000000,2,0,24,26
233117,20.00,92.500000,164.500000,2,0,24,52
233117,30.00,100.500000,265.000000,2,0,24,77
233117,40.00,122.500000,387.500000,2,0,24,103
233117,50.00,129.000000,516.500000,2,0,24,128
233117,60.00,150.468750,666.968750,2,0,24,154
233117,62.50,53.031250,720.000000,2,0,24,160
340174,10.00,72.000000,72.000000,2,0,24,26
340174,20.00,77.500000,149.500000,2,0,24,52
340174,30.00,107.968750,257.468750,2,0,24,77
340174,40.00,119.531250,377.000000,2,0,24,103
340174,50.00,166.000000,543.000000,2,0,24,128
340174,59.38,177.000000,720.000000,2,0,24,152
406974,10.00,92.500000,92.500000,2,0,24,26
406974,20.00,99.000000,191.500000,2,0,24,52
406974,30.00,108.500000,300.000000,2,0,24,77
406974,40.00,140.500000,440.500000,2,0,24,103
406974,50.00,140.000000,580.500000,2,0,24,128
406974,57.42,139.500000,720.000000,2,0,24,147
425039,10.00,42.500000,42.500000,2,0,24,26
425039,20.00,133.000000,175.500000,2,0,24,52
425039,30.00,113.500000,289.000000,2,0,24,77
425039,40.00,96.000000,385.000000,2,0,24,103
425039,50.00,117.500000,502.500000,2,0,24,128
425039,60.00,181.000000,683.500000,2,0,24,154
425039,62.11,36.500000,720.000000,2,0,24,159
571115,10.00,61.000000,61.000000,2,0,24,26
571115,20.00,128.000000,189.000000,2,0,24,52
571115,30.00,122.500000,311.500000,2,0,24,77
571115,40.00,149.000000,460.500000,2,0,24,103
571115,50.00,137.000000,597.500000,2,0,24,128
571115,57.42,122.500000,720.000000,2,0,24,147
539604,10.00,62.500000,62.500000,2,0,24,26
539604,20.00,95.500000,158.000000,2,0,24,52
539604,30.00,117.000000,275.000000,2,0,24,77
539604,40.00,124.500000,399.500000,2,0,24,103
539604,50.00,129.500000,529.000000,2,0,24,128
539604,60.00,146.500000,675.500000,2,0,24,154
539604,64.06,44.500000,720.000000,2,0,24,164
509041,10.00,72.000000,72.000000,2,0,24,26
509041,20.00,95.000000,167.000000,2,0,24,52
509041,30.00,128.000000,295.000000,2,0,24,77
509041,40.00,139.000000,434.000000,2,0,24,103
509041,50.00,164.500000,598.500000,2,0,24,128
509041,56.64,121.500000,720.000000,2,0,24,145
606087,10.00,96.000000,96.000000,2,0,24,26
606087,20.00,93.000000,189.000000,2,0,24,52
606087,30.00,124.000000,313.000000,2,0,24,78
606087,40.00,128.000000,441.000000,2,0,24,103
606087,50.00,141.000000,582.000000,2,0,24,128
606087,57.81,138.000000,720.000000,2,0,24,148
652113,10.00,69.500000,69.500000,2,0,24,26
652113,20.00,95.000000,164.500000,2,0,24,52
652113,30.00,102.500000,267.000000,2,0,24,77
652113,40.00,105.500000,372.500000,2,0,24,103
652113,50.00,125.500000,498.000000,2,0,24,128
652113,60.00,162.000000,660.000000,2,0,24,154
652113,64.45,60.000000,720.000000,2,0,24,165
648446,10.00,109.500000,109.500000,2,0,24,27
648446,20.00,102.500000,212.000000,2,0,24,52
648446,30.00,106.000000,318.000000,2,0,24,77
648446,40.00,138.500000,456.500000,2,0,24,103
648446,50.00,139.500000,596.000000,2,0,24,128
648446,56.64,124.000000,720.000000,2,0,24,145
751042,10.00,57.000000,57.000000,2,0,24,26
751042,20.00,79.500000,136.500000,2,0,24,52
751042,30.00,108.000000,244.500000,2,0,24,77
751042,40.00,108.000000,352.500000,2,0,24,103
751042,50.00,117.500000,470.000000,2,0,24,128
751042,60.00,164.500000,634.500000,2,0,24,154
751042,64.06,85.500000,720.000000,2,0,24,164
804216,10.00,51.500000,51.500000,2,0,24,26
804216,20.00,100.000000,151.500000,2,0,24,52
804216,30.00,90.500000,242.000000,2,0,24,77
804216,40.00,118.000000,360.000000,2,0,24,103
804216,50.00,104.500000,464.500000,2,0,24,128
804216,60.00,119.500000,584.000000,2,0,24,154
804216,67.97,136.000000,720.000000,2,0,24,174
867754,10.00,64.000000,64.000000,2,0,24,26
867754,20.00,91.500000,155.500000,2,0,24,52
867754,30.00,108.000000,263.500000,2,0,24,78
867754,40.00,97.500000,361.000000,2,0,24,103
867754,50.00,142.500000,503.500000,2,0,24,128
867754,60.00,151.500000,655.000000,2,0,24,154
867754,64.06,65.000000,720.000000,2,0,24,164
862664,10.00,62.000000,62.000000,2,0,24,26
862664,20.00,96.000000,158.000000,2,0,24,52
862664,30.00,102.500000,260.500000,2,0,24,77
862664,40.00,108.500000,369.000000,2,0,24,103
862664,50.00,123.000000,492.000000,2,0,24,128
862664,60.00,148.500000,640.500000,2,0,24,154
862664,64.45,79.500000,720.000000,2,0,24,165
905349,10.00,75.500000,75.500000,2,0,24,26
905349,20.00,119.000000,194.500000,2,0,24,52
905349,30.00,128.500000,323.000000,2,0,24,77
905349,40.00,147.000000,470.000000,2,0,24,103
905349,50.00,150.500000,620.500000,2,0,24,128
905349,54.30,99.500000,720.000000,2,0,24,139
901,10.00,63.000000,63.000000,2,0,24,26
901,20.00,106.000000,169.000000,2,0,24,52
901,30.00,94.000000,263.000000,2,0,24,77
901,40.00,137.500000,400.500000,2,0,24,103
901,50.00,136.500000,537.000000,2,0,24,128
901,60.00,152.500000,689.500000,2,0,24,154
901,60.94,30.500000,720.000000,2,0,24,156
129625,10.00,75.218750,75.218750,2,0,24,26
129625,20.00,100.281250,175.500000,2,0,24,52
129625,30.00,118.500000,294.000000,2,0,24,77
129625,40.00,132.500000,426.500000,2,0,24,103
129625,50.00,161.500000,588.000000,2,0,24,128
129625,57.81,132.000000,720.000000,2,0,24,148
137417,10.00,66.000000,66.000000,2,0,24,26
137417,20.00,93.000000,159.000000,2,0,24,52
137417,30.00,89.500000,248.500000,2,0,24,77
137417,40.00,109.000000,357.500000,2,0,24,103
137417,50.00,119.000000,476.500000,2,0,24,128
137417,60.00,180.000000,656.500000,2,0,24,154
137417,62.50,63.500000,720.000000,2,0,24,160
182258,10.00,63.500000,63.500000,2,0,24,26
182258,20.00,108.000000,171.500000,2,0,24,52
182258,30.00,98.000000,269.500000,2,0,24,77
182258,40.00,97.000000,366.500000,2,0,24,103
182258,50.00,131.000000,497.500000,2,0,24,128
182258,60.00,178.000000,675.500000,2,0,24,154
182258,60.94,44.500000,720.000000,2,0,24,156
219574,10.00,68.500000,68.500000,2,0,24,26
219574,20.00,102.500000,171.000000,2,0,24,52
219574,30.00,99.500000,270.500000,2,0,24,77
219574,40.00,112.500000,383.000000,2,0,24,103
219574,50.00,124.000000,507.000000,2,0,24,128
219574,60.00,153.500000,660.500000,2,0,24,154
219574,63.67,59.500000,720.000000,2,0,24,163
194683,10.00,46.500000,46.500000,2,0,24,26
194683,20.00,83.000000,129.500000,2,0,24,52
194683,30.00,90.500000,220.000000,2,0,24,78
194683,40.00,109.000000,329.000000,2,0,24,103
194683,50.00,107.000000,436.000000,2,0,24,128
194683,60.00,157.000000,593.000000,2,0,24,154
194683,68.75,127.000000,720.000000,2,0,24,176
234759,10.00,59.000000,59.000000,2,0,24,26
234759,20.00,77.000000,136.000000,2,0,24,52
234759,30.00,101.500000,237.500000,2,0,24,77
234759,40.00,94.718750,332.218750,2,0,24,103
234759,50.00,129.281250,461.500000,2,0,24,128
234759,60.00,152.000000,613.500000,2,0,24,154
234759,66.02,106.500000,720.000000,2,0,24,169
293240,10.00,59.500000,59.500000,2,0,24,26
293240,20.00,103.000000,162.500000,2,0,24,52
293240,30.00,108.000000,270.500000,2,0,24,77
293240,40.00,99.000000,369.500000,2,0,24,103
293240,50.00,134.000000,503.500000,2,0,24,128
293240,60.00,128.000000,631.500000,2,0,24,154
293240,62.89,88.500000,720.000000,2,0,24,161
302400,10.00,70.000000,70.000000,2,0,24,26
302400,20.00,100.000000,170.000000,2,0,24,52
302400,30.00,84.000000,254.000000,2,0,24,77
302400,40.00,131.500000,385.500000,2,0,24,103
302400,50.00,119.500000,505.000000,2,0,24,128
302400,60.00,175.500000,680.500000,2,0,24,154
302400,61.72,39.500000,720.000000,2,0,24,158
254359,10.00,84.000000,84.000000,2,0,24,26
254359,20.00,97.000000,181.000000,2,0,24,52
254359,30.00,108.000000,289.000000,2,0,24,77
254359,40.00,127.000000,416.000000,2,0,24,103
254359,50.00,132.500000,548.500000,2,0,24,128
254359,60.00,168.500000,717.000000,2,0,24,154
254359,60.16,3.000000,720.000000,2,0,24,154
263780,10.00,58.000000,58.000000,2,0,24,26
263780,20.00,101.000000,159.000000,2,0,24,52
263780,30.00,94.343750,253.343750,2,0,24,77
263780,40.00,131.156250,384.500000,2,0,24,103
263780,50.00,131.000000,515.500000,2,0,24,128
263780,60.00,173.500000,689.000000,2,0,24,154
263780,61.72,31.000000,720.000000,2,0,24,158
291251,10.00,70.500000,70.500000,2,0,24,26
291251,20.00,83.500000,154.000000,2,0,24,53
291251,30.00,84.500000,238.500000,2,0,24,77
291251,40.00,121.500000,360.000000,2,0,24,103
291251,50.00,90.500000,450.500000,2,0,24,128
291251,60.00,148.000000,598.500000,2,0,24,154
291251,67.97,121.500000,720.000000,2,0,24,174
428013,10.00,52.000000,52.000000,2,0,24,26
428013,20.00,105.500000,157.500000,2,0,24,52
428013,30.00,88.500000,246.000000,2,0,24,77
428013,40.00,120.000000,366.000000,2,0,24,103
428013,50.00,154.000000,520.000000,2,0,24,128
428013,60.00,179.500000,699.500000,2,0,24,154
428013,62.11,20.500000,720.000000,2,0,24,159
503427,10.00,66.000000,66.000000,2,0,24,26
503427,20.00,78.500000,144.500000,2,0,24,52
503427,30.00,82.500000,227.000000,2,0,24,78
503427,40.00,106.000000,333.000000,2,0,24,103
503427,50.00,91.500000,424.500000,2,0,24,128
503427,60.00,124.500000,549.000000,2,0,24,154
503427,70.00,163.500000,712.500000,2,0,24,180
503427,70.31,7.500000,720.000000,2,0,24,180
571750,10.00,73.000000,73.000000,2,0,24,26
571750,20.00,81.500000,154.500000,2,0,24,52
571750,30.00,98.500000,253.000000,2,0,24,77
571750,40.00,137.500000,390.500000,2,0,24,103
571750,50.00,143.000000,533.500000,2,0,24,128
571750,60.00,168.500000,702.000000,2,0,24,154
571750,61.33,18.000000,720.000000,2,0,24,157
636523,10.00,75.500000,75.500000,2,0,24,26
636523,20.00,128.500000,204.000000,2,0,24,52
636523,30.00,107.500000,311.500000,2,0,24,77
636523,40.00,121.500000,433.000000,2,0,24,103
636523,50.00,151.500000,584.500000,2,0,24,128
636523,60.00,132.000000,716.500000,2,0,24,154
636523,60.16,3.500000,720.000000,2,0,24,154
718636,10.00,52.500000,52.500000,2,0,24,26
718636,20.00,117.500000,170.000000,2,0,24,52
718636,30.00,111.500000,281.500000,2,0,24,77
718636,40.00,124.000000,405.500000,2,0,24,103
718636,50.00,150.000000,555.500000,2,0,24,128
718636,58.98,164.500000,720.000000,2,0,24,151
774182,10.00,75.000000,75.000000,2,0,24,26
774182,20.00,109.000000,184.000000,2,0,24,52
774182,30.00,117.500000,301.500000,2,0,24,77
774182,40.00,129.500000,431.000000,2,0,24,103
774182,50.00,167.000000,598.000000,2,0,24,128
774182,56.64,122.000000,720.000000,2,0,24,145
825005,10.00,69.500000,69.500000,2,0,24,26
825005,20.00,97.500000,167.000000,2,0,24,52
825005,30.00,79.500000,246.500000,2,0,24,77
825005,40.00,98.000000,344.500000,2,0,24,103
825005,50.00,141.000000,485.500000,2,0,24,128
825005,60.00,162.500000,648.000000,2,0,24,154
825005,62.50,72.000000,720.000000,2,0,24,160
835412,10.00,62.500000,62.500000,2,0,24,26
835412,20.00,82.500000,145.000000,2,0,24,52
835412,30.00,87.000000,232.000000,2,0,24,77
835412,40.00,123.000000,355.000000,2,0,24,103
835412,50.00,144.500000,499.500000,2,0,24,128
835412,60.00,193.500000,693.000000,2,0,24,154
835412,61.33,27.000000,720.000000,2,0,24,157
857585,10.00,90.000000,90.000000,2,0,24,26
857585,20.00,100.500000,190.500000,2,0,24,52
857585,30.00,105.000000,295.500000,2,0,24,77
857585,40.00,132.500000,428.000000,2,0,24,103
857585,50.00,129.500000,557.500000,2,0,24,128
857585,58.98,162.500000,720.000000,2,0,24,151
883954,10.00,57.125000,57.125000,2,0,24,26
883954,20.00,100.531250,157.656250,2,0,24,52
883954,30.00,120.343750,278.000000,2,0,24,77
883954,40.00,112.000000,390.000000,2,0,24,103
883954,50.00,126.500000,516.500000,2,0,24,128
883954,60.00,113.500000,630.000000,2,0,24,154
883954,65.23,90.000000,720.000000,2,0,24,167
933476,10.00,63.531250,63.531250,2,0,24,26
933476,20.00,92.468750,156.000000,2,0,24,52
933476,30.00,120.000000,276.000000,2,0,24,77
933476,40.00,148.000000,424.000000,2,0,24,103
933476,50.00,137.000000,561.000000,2,0,24,128
933476,59.77,159.000000,720.000000,2,0,24,153
22183,10.00,57.500000,57.500000,2,0,24,27
22183,20.00,116.500000,174.000000,2,0,24,52
22183,30.00,110.000000,284.000000,2,0,24,77
22183,40.00,121.500000,405.500000,2,0,24,103
22183,50.00,114.500000,520.000000,2,0,24,128
22183,60.00,156.000000,676.000000,2,0,24,154
22183,61.72,44.000000,720.000000,2,0,24,158
68491,10.00,59.500000,59.500000,2,0,24,26
68491,20.00,110.000000,169.500000,2,0,24,52
68491,30.00,105.718750,275.218750,2,0,24,77
68491,40.00,114.281250,389.500000,2,0,24,103
68491,50.00,141.500000,531.000000,2,0,24,128
68491,59.77,189.000000,720.000000,2,0,24,153
94037,10.00,57.500000,57.500000,2,0,24,26
94037,20.00,96.500000,154.000000,2,0,24,52
94037,30.00,87.500000,241.500000,2,0,24,77
94037,40.00,99.000000,340.500000,2,0,24,103
94037,50.00,139.500000,480.000000,2,0,24,128
94037,60.00,169.000000,649.000000,2,0,24,154
94037,64.06,71.000000,720.000000,2,0,24,164
